23446 3.4254817962646484
23987 0.4908060133457184
29347 1.9143152236938477
30874 3.754542827606201
12607 0.3214208483695984
8883 2.5777595043182373
29622 -2.586911678314209
3114 -0.09435147792100906
11153 0.619114339351654
21958 1.517265796661377
31204 -2.357785224914551
3968 0.9674159288406372
25605 2.40936541557312
6010 -0.9423828125
5211 3.3133082389831543
8330 4.603549003601074
20586 -2.8061814308166504
22437 5.017522811889648
10730 0.5279349684715271
19790 -0.4021691083908081
4514 -2.994706153869629
16184 -1.8274948596954346
26582 4.17857027053833
7329 -2.414639949798584
14540 2.3041574954986572
21288 2.2085447311401367
13635 1.954317331314087
11484 0.45638614892959595
2313 1.5583491325378418
29087 0.4313642978668213
6715 6.761503219604492
21715 -2.1348979473114014
15929 2.593327522277832
13286 -1.8031399250030518
627 -3.0554842948913574
24708 3.4779090881347656
22638 0.3460114002227783
18684 3.9582393169403076
9435 -1.2923219203948975
14787 0.16455549001693726
19609 1.749384880065918
25175 0.7676248550415039
30989 -2.4451425075531006
11972 -0.939332127571106
11129 -1.6734168529510498
31128 0.945045530796051
15721 -0.2096032202243805
4295 0.15729853510856628
959 5.732653617858887
10830 -0.3746148347854614
5696 -0.5768284797668457
31277 -0.7398138046264648
3129 -1.5019829273223877
17124 4.724742889404297
4634 -3.6414332389831543
25950 -2.4845805168151855
5497 2.4002909660339355
18056 5.723214626312256
26404 -0.29542601108551025
8319 4.009814262390137
26320 0.5825347900390625
9759 1.9323465824127197
5669 1.2166153192520142
29579 0.025036558508872986
9995 -1.9696500301361084
650 0.2897905111312866
17215 -4.511919021606445
29775 -0.78400719165802
30510 -0.22187969088554382
23872 0.9789289236068726
22907 -2.3903603553771973
6916 -3.316993236541748
20311 -2.0240373611450195
19305 -1.2374448776245117
787 -4.717219352722168
17401 2.4774928092956543
15648 0.25022438168525696
9470 2.0523276329040527
24903 4.019520282745361
29234 7.226998805999756
21527 4.074869155883789
7955 -3.0014352798461914
31296 -1.786808729171753
20108 0.8964363932609558
5447 3.108922004699707
20021 0.3929849863052368
952 2.4098405838012695
3346 3.232545852661133
31467 -1.994256854057312
2327 -1.0303676128387451
31228 2.0954973697662354
254 -0.25940051674842834
10144 0.35859671235084534
3635 2.256507396697998
3561 4.1583051681518555
16210 2.318490505218506
6205 -4.0153913497924805
14394 1.2426472902297974
29261 2.3039352893829346
31715 0.4434833228588104
9482 3.3952219486236572
25291 1.5133934020996094
24362 2.1107447147369385
2673 6.038013458251953
18086 -3.421602964401245
17064 0.31830236315727234
2365 -2.8923115730285645
30424 5.409337043762207
17176 3.0797133445739746
31434 3.27620267868042
15234 -1.5298073291778564
1202 -3.0046815872192383
8727 7.024267196655273
5201 1.3282339572906494
19588 -2.0390379428863525
24180 4.7587995529174805
2421 -2.8849215507507324
12970 -2.6595382690429688
3509 3.3826680183410645
1803 0.3697184920310974
23798 3.3242688179016113
1778 5.94379997253418
6943 -3.7755286693573
29164 1.3758280277252197
12357 3.4119460582733154
5446 -0.5364195108413696
27358 -2.481687545776367
15230 1.2589147090911865
20621 0.9113560318946838
11537 -4.8468098640441895
31503 -3.034174919128418
23874 -0.4087897837162018
26482 0.46826937794685364
16445 -0.9738723039627075
17893 2.999755382537842
26397 2.893126964569092
8300 1.536954641342163
11930 2.0358242988586426
22215 2.325068473815918
19654 1.7138147354125977
9844 0.11699219048023224
7554 2.5425124168395996
22814 2.8591713905334473
3798 2.0115323066711426
7142 -0.023915812373161316
14593 1.5477371215820312
11910 0.8961614370346069
9357 -2.4820539951324463
2862 -0.9616568088531494
27065 -1.8570765256881714
19874 5.730121612548828
27764 1.2681355476379395
26973 3.6289615631103516
4515 -0.29314303398132324
3805 1.2678909301757812
4238 4.173893451690674
12263 -0.9187986850738525
2922 1.8269166946411133
9480 0.8126201629638672
9295 5.736185073852539
7612 3.771638870239258
17783 6.2917327880859375
23333 1.4679090976715088
22175 -3.9431400299072266
7196 4.215470790863037
9426 -2.4198617935180664
4378 3.552694082260132
18058 -2.39677095413208
7191 -1.3619685173034668
18182 6.599346160888672
9848 -2.919674873352051
11301 2.5123376846313477
10899 0.9408782720565796
13476 0.21429431438446045
30304 -4.896136283874512
911 -0.5574800968170166
29097 2.6746881008148193
31714 1.818849802017212
469 1.5873974561691284
28496 4.953219413757324
29013 -2.7311246395111084
16198 -1.435291051864624
20525 -0.2419593781232834
29219 0.5501973628997803
10775 4.3441481590271
19612 1.8298285007476807
16406 -0.9181259274482727
25759 4.33561897277832
16979 0.9896029829978943
6440 3.680666208267212
22054 1.1715059280395508
1091 2.3084449768066406
11002 0.4248085618019104
10712 -3.473982095718384
23519 4.23872184753418
4105 -0.8879342079162598
29860 3.378387451171875
26366 3.180572509765625
29611 -1.6846318244934082
2386 2.777791976928711
22286 -1.6178321838378906
9381 3.199632167816162
16555 -1.0099979639053345
23208 0.10971984267234802
21463 -2.1908769607543945
10105 2.0090105533599854
5072 2.5926313400268555
7591 -1.5567371845245361
23220 -0.16687405109405518
8426 -1.620133399963379
7930 1.2555625438690186
29469 1.5655678510665894
29809 -3.265620708465576
27394 2.754934310913086
1321 -2.5900189876556396
13508 -0.26238369941711426
8318 2.444685459136963
16915 -0.5316802859306335
22242 3.566826343536377
10894 2.3315486907958984
3801 4.997267246246338
13384 -0.503365695476532
5695 -2.0404820442199707
25276 3.4593892097473145
7690 -0.6856170296669006
26242 2.6842451095581055
490 -1.802704095840454
19730 1.8418477773666382
3685 3.655390501022339
17914 2.322239875793457
13654 0.7276265621185303
3089 -1.5405433177947998
23796 0.7893426418304443
5269 -0.6585909724235535
18874 -2.5202949047088623
10189 -2.7331337928771973
29224 0.5977414846420288
26351 4.050719738006592
26725 1.4453935623168945
9863 2.9442667961120605
26631 3.825835704803467
28354 0.27411866188049316
12531 -1.7275018692016602
1259 5.900222301483154
30967 3.178696632385254
21145 2.2787704467773438
29166 -2.2942793369293213
13682 2.4796628952026367
12968 -1.5526199340820312
25299 1.3894226551055908
10030 1.0314229726791382
28163 3.041269302368164
6398 -1.2436561584472656
6243 1.950617790222168
3713 -3.522730588912964
18522 4.933170318603516
28336 -1.4748766422271729
4329 -0.4053664207458496
6266 1.214712381362915
12275 -2.1646389961242676
27138 4.133054256439209
15389 1.4692169427871704
26321 2.920405864715576
15387 -2.176771879196167
30342 3.754932165145874
10777 2.7717902660369873
16099 0.1771318018436432
24483 5.364513874053955
19037 3.1019632816314697
15850 -1.5493338108062744
23801 3.408679723739624
30627 3.3292293548583984
3740 1.8846720457077026
28276 -2.918020725250244
11036 2.1912519931793213
20438 0.09606105089187622
21686 4.233891487121582
11254 1.4631049633026123
30978 4.4628753662109375
8291 1.7024431228637695
31327 0.5754603743553162
26455 -1.1014407873153687
6324 3.537677764892578
12154 -0.6234407424926758
7717 -1.7289841175079346
21748 1.2200896739959717
15340 -2.131206512451172
18498 4.947140693664551
12785 1.8079818487167358
7225 -0.42563992738723755
25556 4.0294084548950195
22429 1.4554078578948975
21078 8.34745979309082
26503 5.095938682556152
15469 4.2268385887146
21688 -2.957447052001953
26435 2.2831830978393555
14381 0.9601742029190063
29422 5.109470844268799
12805 5.932642936706543
21607 -0.30647557973861694
16005 3.4382681846618652
29590 1.2228082418441772
17834 0.9139565229415894
6474 2.5342512130737305
12573 -2.7984824180603027
21282 -0.12396605312824249
13060 4.882059097290039
9979 1.0897746086120605
12301 -0.4035907983779907
13374 4.479663372039795
1745 5.009101867675781
11448 0.3092639148235321
23394 -1.2301563024520874
1662 0.3874088227748871
20308 0.0896412581205368
26235 3.3261733055114746
30205 0.3126392364501953
8131 3.336088180541992
4728 1.9296531677246094
30004 -1.8971718549728394
22624 -1.4079047441482544
16780 5.44438362121582
1768 -1.7281126976013184
201 -0.816733717918396
157 -0.1704896092414856
28809 -2.6100306510925293
31671 2.8052170276641846
10539 1.992401361465454
10029 -2.758950710296631
26390 3.570225715637207
25501 -1.0902273654937744
30099 0.08034753799438477
28865 -0.08835788071155548
12016 -2.883254051208496
1341 2.1219985485076904
3290 3.185105085372925
1395 2.7106213569641113
10122 0.003208637237548828
3997 -0.5302635431289673
14994 1.4042057991027832
4616 5.153704643249512
28425 4.352943420410156
25938 -2.375748634338379
13772 5.291077613830566
24473 0.1182275339961052
25980 -3.370166778564453
21759 -0.6311428546905518
24262 0.06530695408582687
1774 0.5827619433403015
19574 2.0312981605529785
16598 3.6995785236358643
675 2.5830368995666504
26765 -0.25446730852127075
5467 -3.120016574859619
3237 -1.6178767681121826
28069 0.1011190116405487
1863 -2.2378287315368652
18674 0.5023634433746338
3749 3.226365566253662
24605 -0.8959506750106812
27006 1.8304542303085327
2696 5.043914794921875
15650 1.8729703426361084
113 3.154954671859741
25196 -0.5877206325531006
3262 -5.264590263366699
27912 -0.16218014061450958
9218 -4.082559108734131
12776 4.921457290649414
12997 -0.7233498096466064
6960 2.2646260261535645
1517 -1.5500651597976685
22125 -2.41953706741333
21940 -0.7350537776947021
10973 6.136119842529297
8632 3.1244516372680664
24299 2.371812582015991
30875 0.9729573726654053
36 3.2933554649353027
10844 -0.7147414088249207
9716 -1.5787373781204224
8566 -2.397897243499756
23503 -1.7079899311065674
24515 -0.013370171189308167
20345 3.5417463779449463
19856 0.2716197073459625
1842 3.425992727279663
15323 4.457724571228027
1584 1.0290287733078003
5155 2.615285634994507
6095 1.6270051002502441
56 4.204073905944824
2154 -1.1343505382537842
28366 -3.996722936630249
30501 -3.9104511737823486
29643 -1.523024082183838
19847 -1.6136724948883057
25889 -1.2872059345245361
8170 -0.9827983379364014
18238 6.448089122772217
2152 -0.9176191091537476
31776 4.958304405212402
24610 -1.3007400035858154
27714 3.527707099914551
12018 -1.6449108123779297
23539 2.054588794708252
15041 3.4071192741394043
7760 0.9883823394775391
9956 1.6942369937896729
17088 2.0412659645080566
25064 -0.2111486941576004
10834 0.8998391032218933
29265 -1.7986007928848267
5906 0.2791629135608673
28093 -1.844519853591919
21944 -0.0541204959154129
8731 -1.0766658782958984
13564 7.03758430480957
1526 0.7344626188278198
7198 4.225372314453125
8838 -1.1115397214889526
23971 -1.1062519550323486
28917 2.3204054832458496
17295 -0.8791003227233887
5682 3.2434630393981934
28408 1.5130484104156494
8750 1.0479769706726074
21594 5.822852611541748
1208 -0.10446222126483917
17474 1.9197380542755127
18632 1.0647153854370117
16735 2.8426480293273926
19809 -0.7517601251602173
26256 1.6280577182769775
19011 -0.4209737181663513
1657 4.672817230224609
16999 -1.4486684799194336
5316 -1.7535182237625122
28929 3.382230043411255
25787 1.42691969871521
26915 1.8445188999176025
2341 -0.11177351325750351
19738 1.9966065883636475
6921 2.4872260093688965
16335 4.544562339782715
757 2.7635059356689453
17601 1.1398439407348633
16879 1.9363551139831543
9902 0.8704037070274353
143 2.0361804962158203
13681 1.785881757736206
4751 -1.1856017112731934
222 1.8188061714172363
6856 -3.5421175956726074
16046 -3.1792430877685547
11668 5.540116310119629
20132 2.021421194076538
8955 1.9443295001983643
2279 -2.833972692489624
13573 2.729175329208374
20477 -1.088265061378479
8742 2.690680980682373
24676 4.336658477783203
6385 -0.859764814376831
19296 2.254894733428955
5225 5.446459770202637
12875 -0.4146248698234558
15440 0.6448081731796265
27588 -1.8467220067977905
22785 3.0970168113708496
13127 -1.9068175554275513
25446 4.097762584686279
26206 1.8891165256500244
19626 2.29841947555542
31108 5.089495658874512
18603 -2.5592663288116455
3911 -0.23149487376213074
5997 0.3137430250644684
15167 0.9961158037185669
7802 6.04184627532959
25585 6.99617862701416
4732 3.1004395484924316
31453 3.4390451908111572
4798 -0.2740158438682556
22779 0.3134726881980896
5857 1.5830562114715576
10627 1.3046175241470337
1316 -2.01077938079834
183 1.4382002353668213
5349 3.111013412475586
31322 1.980084776878357
22523 1.355025291442871
2836 -1.2633260488510132
620 2.5325939655303955
15139 4.7007880210876465
3672 -1.6106539964675903
14430 3.448884963989258
6992 -0.5100657343864441
13920 3.332937717437744
23045 2.762521743774414
16841 -2.569046974182129
11445 2.7068305015563965
18464 5.638518810272217
9359 3.485495090484619
17881 1.2855709791183472
8934 -0.8535240292549133
25232 -0.33500850200653076
1492 3.421273708343506
3058 -1.362793207168579
5636 1.727970838546753
28110 0.008678101003170013
12483 2.871255397796631
6586 5.232329368591309
18556 -0.8794978857040405
13344 -0.007089339196681976
8418 -1.6775221824645996
3437 -0.20752392709255219
19646 -1.6557703018188477
14096 -1.6229404211044312
20752 -0.18709979951381683
2115 1.0809473991394043
16872 -0.8451654314994812
9096 -0.8182916641235352
22224 2.7985801696777344
18970 -2.6165871620178223
19636 2.379042625427246
288 -0.6036025881767273
28322 2.4906692504882812
10734 4.700445175170898
12359 4.602721214294434
16281 5.59000301361084
26172 -1.385370135307312
20821 2.092541217803955
8590 -1.8573709726333618
1618 0.32619160413742065
12565 -2.484236240386963
21496 -2.3085827827453613
17923 -1.0582504272460938
24944 -2.4693734645843506
21217 1.7403039932250977
298 2.470238447189331
20187 3.032191038131714
21329 1.1833276748657227
26129 3.1304421424865723
22526 -2.2060956954956055
7692 -1.2556389570236206
21922 0.9388377666473389
24060 -1.821333646774292
979 -2.297029972076416
26018 2.195864200592041
2009 1.6088635921478271
16414 2.071821451187134
14673 0.48175814747810364
19558 2.4781594276428223
11561 -1.4183443784713745
21479 0.2700526714324951
8841 -1.0716171264648438
15803 -2.3672308921813965
6420 -1.0797511339187622
22458 3.583472728729248
23878 -0.07064800709486008
13698 -2.7787516117095947
25506 -0.7172542810440063
24619 3.151496648788452
9662 1.7277305126190186
8374 -0.17772535979747772
19889 2.8125123977661133
11518 -1.0059974193572998
4481 -2.973109245300293
4987 -1.4919079542160034
2605 3.4503581523895264
13485 -1.3838810920715332
18790 3.8111979961395264
25269 -1.9632573127746582
20006 3.087728977203369
27149 -0.861336350440979
23093 2.997295618057251
10302 -1.0802409648895264
3532 2.6268959045410156
316 0.9598795175552368
25284 1.7828283309936523
11645 5.43824577331543
13110 -3.697201728820801
30982 2.7369351387023926
19157 -1.34696364402771
10388 3.3099327087402344
11047 4.284572601318359
12061 2.992884635925293
1665 2.7843170166015625
22848 -0.7618198394775391
3645 3.5237550735473633
30660 0.6737273335456848
15077 -0.40089961886405945
4414 2.84507417678833
2775 0.19421178102493286
16772 2.5952823162078857
2932 -3.631988763809204
8754 -1.1478103399276733
25754 -0.29265791177749634
12021 -0.11711052060127258
1471 1.742961049079895
20591 0.3818403482437134
14056 4.533540725708008
26100 3.546011209487915
8038 0.5572808384895325
6271 -3.2861857414245605
16035 2.051453113555908
24986 -0.28908684849739075
4438 1.0786035060882568
12449 -2.8276443481445312
9130 -1.450681447982788
22581 -0.34737181663513184
3080 2.7223830223083496
10630 -0.3852459788322449
12701 3.5912275314331055
4214 4.013522148132324
23954 1.2541604042053223
14852 3.261502742767334
11750 3.6666672229766846
31471 2.055589199066162
4569 0.5875692963600159
15066 -2.6339707374572754
1910 -0.11992556601762772
28540 0.7163145542144775
11954 2.5621228218078613
28643 1.5079984664916992
17539 -2.0095300674438477
24497 -1.506103515625
21687 -1.7432620525360107
8664 3.227017402648926
19389 -1.5492585897445679
10763 2.3860464096069336
20680 2.8252758979797363
12239 -2.0093917846679688
12822 -0.29143422842025757
11166 -0.10856945812702179
4493 -0.7491429448127747
15265 1.206557273864746
17940 -4.244658946990967
23486 1.0666500329971313
19729 -3.031627655029297
19204 -0.48838159441947937
22102 -1.3657947778701782
4753 2.9238741397857666
31560 -2.739457607269287
22424 3.422245502471924
18303 -0.3545038402080536
4084 -4.142187118530273
2194 2.1622633934020996
27150 2.118049144744873
9774 1.4181760549545288
9657 3.2220396995544434
23513 4.785773277282715
9420 -0.6821631789207458
25875 0.6280640959739685
5524 4.432641983032227
31175 -1.172966718673706
1899 1.135028600692749
1758 3.7802231311798096
5097 0.9467667937278748
3748 -3.2892744541168213
28332 -0.44571423530578613
15521 2.5046772956848145
2079 2.3029751777648926
3406 2.064411163330078
7691 2.1932473182678223
9192 2.463768482208252
894 4.837827682495117
899 3.905219316482544
5737 1.804978609085083
18857 -0.2244105041027069
18213 -1.5184836387634277
2168 0.08836416155099869
10686 4.065476894378662
26418 0.6210680603981018
16015 1.3013100624084473
13230 -2.091482162475586
18162 -1.6002511978149414
2479 0.957868218421936
31183 -2.2576961517333984
9443 0.2138683795928955
723 -0.49473413825035095
7784 -2.602862596511841
28549 4.706968307495117
15200 -1.82051682472229
4854 3.54120135307312
10933 1.7311893701553345
22094 3.1046996116638184
5231 2.4667484760284424
30945 3.31345272064209
28055 -2.6025538444519043
28006 -0.1528622806072235
19670 5.622406005859375
7047 0.7164219617843628
5498 4.140151023864746
26342 0.471011757850647
9592 -2.574601888656616
970 -1.0179544687271118
21685 -3.9274020195007324
23635 0.09285680204629898
931 4.381173133850098
21717 2.349750280380249
25020 1.7672165632247925
27405 4.254372596740723
12079 -4.770358562469482
15333 -0.8627690076828003
24926 2.6651272773742676
16019 -2.2550196647644043
26221 2.4223527908325195
25443 -0.43448448181152344
8877 -1.560056447982788
28707 -0.9883748292922974
9325 -2.4212427139282227
7661 -3.5625157356262207
6377 1.4765217304229736
4603 -0.8508167266845703
7837 3.9343512058258057
28166 5.472245693206787
10610 -1.3828043937683105
24274 1.30985689163208
6368 2.7776498794555664
9256 1.4664976596832275
10384 1.7309846878051758
21356 -1.20768141746521
21897 -0.06862976402044296
667 0.39263683557510376
9811 2.0071167945861816
14576 3.0581626892089844
633 -2.8364510536193848
12676 -1.504788875579834
9230 0.36105895042419434
19828 -1.8004101514816284
15114 -1.8828215599060059
25113 1.0294947624206543
15400 -0.434603214263916
19801 3.945314407348633
22204 -4.026708602905273
31011 5.07103157043457
3473 -1.4187623262405396
31492 -1.4568510055541992
25079 -0.525087296962738
15053 4.241957187652588
28054 1.4362242221832275
14279 1.2441967725753784
29834 3.339475631713867
23867 3.72402286529541
29106 -0.967739462852478
7055 2.027961015701294
20934 -1.9208635091781616
8749 1.0287915468215942
3167 2.1542422771453857
2708 -4.036657333374023
8456 -0.24027341604232788
19896 -2.545307159423828
24861 -0.002817869186401367
8803 -3.2402164936065674
18550 4.807130813598633
16479 -2.4872777462005615
22309 3.721259117126465
14304 4.005393028259277
28218 2.054111957550049
31260 3.822526454925537
21264 -3.953366279602051
18492 -1.3501858711242676
30451 4.891085147857666
8710 -1.3162319660186768
16283 -0.5375005006790161
30818 6.78822135925293
9012 -1.0426143407821655
18362 -2.1716785430908203
3598 1.875304102897644
30268 6.546771049499512
7056 -3.2558646202087402
26593 2.3148410320281982
3545 0.5069020390510559
3301 -1.121544361114502
11786 3.369823455810547
24401 3.1555681228637695
13042 4.83957576751709
27046 4.675576686859131
20062 -0.23253828287124634
13190 0.12451024353504181
14485 -0.8500576615333557
6667 -0.6165724396705627
25313 -0.2773399353027344
10522 0.14527563750743866
18411 0.45614224672317505
20166 0.2840349078178406
7331 4.699894905090332
10520 0.15065310895442963
3611 4.693862438201904
27067 0.5441268086433411
1793 0.5410802364349365
21279 -0.09317541122436523
18204 0.7462058067321777
6149 2.909160614013672
8411 1.027018427848816
8140 2.5283875465393066
6976 -1.2491154670715332
19942 -1.511721134185791
355 0.9285929203033447
24830 1.6604758501052856
23883 1.9577794075012207
24622 2.8907339572906494
19206 0.6739007234573364
19159 1.6321947574615479
21849 3.0128390789031982
24332 -1.9548990726470947
7829 0.5216859579086304
19623 3.587157964706421
25643 -2.986766815185547
6587 -1.1278748512268066
6819 4.781835556030273
16938 -2.6887850761413574
6063 2.791409969329834
19094 2.7863926887512207
25001 0.3250253200531006
15040 2.3937768936157227
2498 3.83162784576416
21335 -0.18217797577381134
13885 -2.7627382278442383
5714 -0.09967081248760223
20074 5.302619934082031
27628 1.4656751155853271
21786 2.5697946548461914
10554 2.459005355834961
9723 -3.623351573944092
9969 2.2178471088409424
579 -1.36092209815979
6718 -1.058868646621704
9311 -2.194572925567627
9508 3.2803456783294678
30315 4.537053108215332
29674 1.6044385433197021
25365 -2.187206506729126
12737 -3.176316738128662
11298 3.699388265609741
15964 -2.5744786262512207
15860 0.29364505410194397
27237 3.586594343185425
20854 1.773334264755249
10299 3.0156712532043457
18583 -3.3827366828918457
24767 2.4455671310424805
15603 1.3065359592437744
9718 2.815361976623535
17050 2.386106491088867
16002 1.6940889358520508
4348 1.757107138633728
20219 3.0261714458465576
10705 1.2244915962219238
17402 -1.8026304244995117
24777 1.05202317237854
2057 2.5534369945526123
15454 -1.7421470880508423
20424 0.4219396114349365
21601 4.397821426391602
18223 -0.6536312103271484
24351 2.8935723304748535
28089 -2.237581729888916
26026 -0.1422577202320099
5832 3.7050890922546387
31100 -2.327211380004883
20626 1.5752216577529907
10947 4.321659088134766
22146 -2.2642319202423096
27113 0.7837818264961243
15269 5.385530948638916
3261 1.4166433811187744
25221 -0.9785134792327881
29181 -2.755840539932251
8604 0.18195921182632446
26848 3.733628273010254
24090 -3.088742971420288
13205 2.46818208694458
20141 5.221199989318848
24316 -1.8136261701583862
8042 0.16166207194328308
2776 1.9960845708847046
5786 0.11352799832820892
19653 -0.41743630170822144
20279 -3.4699699878692627
29718 0.2494368851184845
9612 1.802066683769226
26259 1.4368234872817993
2959 -0.4373886287212372
15862 -1.0050699710845947
22353 -2.867511749267578
22840 -0.7780186533927917
22858 -2.6021177768707275
24478 2.732257843017578
11274 2.02761173248291
11122 4.285758972167969
26488 3.836092710494995
1872 -3.7469143867492676
1387 5.344106674194336
13487 -1.9858911037445068
206 1.6734554767608643
22439 -1.580972671508789
12746 -2.7914371490478516
15433 0.5121421813964844
30036 0.782863974571228
27392 -2.023163318634033
16592 0.29711633920669556
8014 5.286919593811035
271 -3.2365341186523438
8485 4.601830959320068
2973 0.09681902825832367
3563 -3.049501895904541
25145 1.2791311740875244
22196 -1.094609260559082
16603 3.2163162231445312
14599 3.5343291759490967
26638 4.387225151062012
3502 -0.15643636882305145
9147 -1.6065983772277832
5963 1.1237750053405762
27646 3.407696485519409
21380 1.7677175998687744
22061 1.299326777458191
11994 2.6221203804016113
18131 0.26264113187789917
7378 2.149444103240967
14731 2.7153539657592773
20647 4.745447158813477
10563 -1.671234369277954
25610 -1.197447657585144
16679 -0.2773827016353607
22059 1.3432183265686035
30136 3.722971200942993
5653 -0.530245840549469
11979 2.031238555908203
23828 4.813474655151367
24278 -2.0919852256774902
22032 -0.5348588824272156
10057 2.4798173904418945
22509 0.007629856467247009
28527 1.0677671432495117
6688 1.577916145324707
19226 -0.34110337495803833
31020 -2.8088464736938477
20242 -0.8208157420158386
2944 -4.20012092590332
20071 3.0264759063720703
27423 -2.765254020690918
11505 2.646923303604126
17384 -1.358020544052124
1014 -0.583574652671814
22954 -1.3032565116882324
25099 7.323624610900879
21222 0.04268641769886017
23785 0.8966324329376221
16169 1.186890959739685
5423 1.2155297994613647
29288 -2.8293728828430176
4107 -2.6816763877868652
7167 1.5614571571350098
21913 1.6394635438919067
15890 -1.916704535484314
8776 -0.015717893838882446
53 0.46889728307724
8277 -2.9163026809692383
24168 3.014678478240967
15924 -2.3533811569213867
28595 -3.515552520751953
12543 3.6887686252593994
12990 2.3865532875061035
29917 -0.2512231469154358
12689 2.76534104347229
3201 -2.1741981506347656
17781 -4.10931396484375
14346 2.315556764602661
23753 -3.9698729515075684
5477 6.966268062591553
1002 3.071596384048462
23521 -0.9187372922897339
11638 -0.17459464073181152
30425 -1.6201859712600708
18210 -2.7027053833007812
5898 -2.724541664123535
21789 3.2766757011413574
1238 2.6382436752319336
26385 2.560065269470215
13277 2.4710068702697754
17498 -1.7600104808807373
18771 5.089414596557617
22516 1.0839521884918213
10486 -1.4973639249801636
12695 -2.254108428955078
30635 2.0916857719421387
6364 3.8154232501983643
31647 1.0406591892242432
7438 1.14467453956604
5449 0.6253544092178345
15779 1.659843921661377
16238 3.658198833465576
15224 3.1728224754333496
20529 5.649023056030273
10239 0.7398686408996582
20829 -2.402304172515869
2311 -0.17409445345401764
19332 0.4482084810733795
8497 0.6880875825881958
28125 1.3164870738983154
13937 5.465252876281738
17261 -1.1181418895721436
1095 -1.682276725769043
14901 4.027154922485352
22895 2.0369327068328857
24682 0.8805592060089111
15064 -2.643913507461548
16585 5.058749198913574
23365 -0.7261671423912048
9874 3.7903549671173096
23159 -1.3044204711914062
11284 -1.468133568763733
7025 4.938677787780762
16510 -0.45058420300483704
6072 2.8214120864868164
15705 -1.2141613960266113
19127 1.3987677097320557
5862 2.306392192840576
22120 -0.0839199423789978
13212 1.0933765172958374
25177 -3.6222119331359863
19030 -1.3139439821243286
27426 3.0400192737579346
5001 1.840414047241211
17081 3.753566265106201
27557 -1.4868624210357666
14421 1.5276660919189453
7349 3.5433759689331055
8678 -2.358755111694336
12899 3.393325090408325
11269 0.358831524848938
5905 2.5492942333221436
9035 0.8491734862327576
22625 -4.381255149841309
20316 0.434482216835022
14951 4.234992027282715
3623 5.083355903625488
9128 1.6716334819793701
8684 -1.6780325174331665
7581 -2.664505958557129
18108 1.7681012153625488
7440 1.0728003978729248
23996 0.2618691027164459
30060 -1.4996380805969238
15320 -2.588117837905884
10247 0.6119383573532104
10748 -1.2752435207366943
28905 -0.09726203978061676
25876 2.9764318466186523
19789 2.29012393951416
21301 2.277998447418213
13838 2.5982861518859863
25425 -3.9435648918151855
22818 -1.2987303733825684
19914 -1.58689546585083
16860 0.9618855118751526
24164 2.2017247676849365
15520 0.07363127917051315
22491 0.4355236291885376
2510 -1.5931956768035889
1591 2.9250991344451904
2288 5.094092845916748
18346 2.6569619178771973
18519 -0.1301158219575882
1879 -0.8327151536941528
3177 2.775491714477539
11281 0.25801581144332886
25424 4.820718765258789
28680 1.9750406742095947
27441 2.328646183013916
18150 -2.3089966773986816
27378 2.790713310241699
24907 0.7456960082054138
9016 -3.499940872192383
6371 -2.875563859939575
8828 -0.5918971300125122
28195 4.860068321228027
3385 5.5845770835876465
13316 7.2729597091674805
12438 0.9245891571044922
2827 1.376519799232483
15658 -3.6863203048706055
15005 -2.632946491241455
15975 1.4033476114273071
19529 1.9157321453094482
23234 -1.499833106994629
2131 1.1519674062728882
10175 2.687650442123413
2080 2.246706008911133
9094 4.262149810791016
23342 -2.2889976501464844
22088 -2.335751533508301
31227 4.347344875335693
15245 -3.848963975906372
20802 2.6979169845581055
30470 -3.244049072265625
17073 1.8088629245758057
2536 -1.946324348449707
3872 3.0626273155212402
9393 -2.127535104751587
22315 -4.014866828918457
1308 -1.7188501358032227
9412 -0.26679858565330505
23619 -2.232461452484131
7992 4.711869239807129
17675 1.2512580156326294
21086 -0.8069336414337158
31301 2.1200594902038574
2031 -0.1180645152926445
4742 3.533252716064453
19173 2.1794371604919434
2316 7.018212795257568
12702 1.2912242412567139
19658 2.7806479930877686
24918 1.5253832340240479
24122 4.891861915588379
9477 -2.155939817428589
7067 -0.711774468421936
17277 6.433818817138672
5262 -0.8133216500282288
30313 -0.2887672185897827
31237 0.9897258877754211
1702 -0.4619668126106262
28995 2.0722198486328125
17739 2.2441153526306152
20252 3.561741828918457
22040 -0.6322497129440308
4824 -0.011021636426448822
277 -1.003760814666748
6313 -0.20104415714740753
3007 -3.1566390991210938
16833 1.8221100568771362
29485 -2.201465606689453
25914 -1.5819857120513916
10706 1.8080165386199951
10168 -0.7946869730949402
4347 3.349665403366089
19074 1.5132631063461304
19717 1.1584535837173462
10619 -3.6558218002319336
26902 -2.989464282989502
11800 -0.423816978931427
23583 0.6802124977111816
140 3.34854793548584
677 0.41058066487312317
23252 -0.9386392831802368
10519 0.5205336809158325
25975 -2.7758426666259766
10590 0.6510016918182373
30958 -1.1318445205688477
27528 -0.698040783405304
19480 3.999830961227417
28718 2.932070255279541
18152 6.354262351989746
27039 3.941378593444824
22322 1.5163087844848633
10505 5.036891460418701
994 1.8134973049163818
19017 -1.9372138977050781
16323 -0.15493454039096832
19554 -0.4530286490917206
4495 0.24699880182743073
5635 -2.23197865486145
22962 1.9130014181137085
26257 3.4106595516204834
25631 -1.0457195043563843
17338 0.503996729850769
31331 -1.5286688804626465
9819 1.568589448928833
11026 0.5922809839248657
26935 -1.822558879852295
15724 6.072505950927734
6563 -3.3053722381591797
17772 -1.6610970497131348
2880 -2.830071449279785
14818 -2.0426669120788574
22801 2.718153953552246
962 2.3934388160705566
22852 -1.30397629737854
23949 -0.5741083025932312
26790 1.3246359825134277
18306 0.3613307774066925
30040 -0.815187931060791
16852 6.216989517211914
18976 2.0693893432617188
19892 1.9673218727111816
21691 -2.2949557304382324
13810 -4.335836410522461
14020 3.2704708576202393
27840 4.249837398529053
12628 -2.570690155029297
3078 -0.32077741622924805
7295 -3.1242270469665527
15699 5.685593128204346
10070 -4.25034236907959
25305 -0.22813501954078674
21117 0.6808158159255981
6376 0.7925015687942505
26304 -0.12208262085914612
6439 -1.9449349641799927
8682 2.9011778831481934
22313 3.841275691986084
29434 1.213019847869873
30270 1.711634635925293
1521 -1.7248749732971191
2436 3.066279649734497
2109 1.47343111038208
10043 -4.057545185089111
9850 1.5943481922149658
9999 0.9260287284851074
14715 -2.4509549140930176
2216 2.4204158782958984
4706 1.159615159034729
18681 -2.5258381366729736
25571 -1.2739717960357666
22116 -3.6633849143981934
24054 -0.2719920873641968
9423 -1.0102717876434326
4920 -0.43499869108200073
12053 -3.167966842651367
26425 1.4435733556747437
28044 -2.3945374488830566
30649 7.4026780128479
23729 5.699253559112549
1194 -0.5040879249572754
5000 3.3740134239196777
13193 -0.20625314116477966
720 -0.010625146329402924
9542 2.930387496948242
31276 -1.4380316734313965
1783 -1.7318017482757568
3978 1.8286981582641602
2979 -2.379058599472046
17306 3.1318001747131348
14680 0.9899364709854126
10375 0.2738505005836487
3132 1.7581560611724854
692 -0.17359429597854614
9466 -1.4048047065734863
18779 1.287550926208496
31157 1.0324530601501465
17731 -0.005986504256725311
13871 4.928182601928711
1076 2.81234073638916
1829 2.315119743347168
16001 -2.7906272411346436
9380 1.6525835990905762
10954 -3.2816319465637207
27245 -2.419149398803711
11770 3.772517681121826
7248 -4.4407453536987305
29262 0.42962944507598877
3654 -1.6935256719589233
12414 4.7168426513671875
26416 -0.7852076292037964
27579 3.4713475704193115
18515 1.6662886142730713
13333 5.4411749839782715
10864 3.1636886596679688
6165 0.7244720458984375
1481 -1.839050054550171
30386 2.4263877868652344
3254 0.2479492872953415
16991 -4.438538074493408
23164 4.073009490966797
3084 -1.186223030090332
14871 -1.4459266662597656
27076 0.6453097462654114
6222 -1.416528344154358
28311 2.2135958671569824
21232 -4.238087177276611
7485 1.6244539022445679
22110 0.464899480342865
24193 -2.2267849445343018
20693 -1.7909736633300781
6741 0.7795975804328918
28909 5.0741777420043945
13904 1.3659467697143555
24013 -1.6554839611053467
30503 3.86506724357605
6187 4.366219520568848
16447 1.3037307262420654
11171 -2.5113391876220703
12579 -1.2894388437271118
16908 4.298583984375
5745 2.4988951683044434
21582 -0.4714927673339844
28557 -1.091815710067749
13882 0.6930829882621765
4298 2.921450614929199
24442 1.1564784049987793
1977 5.4141845703125
13315 -2.4055728912353516
26869 3.6006884574890137
17157 0.11574575304985046
3195 1.7832701206207275
11398 0.9871033430099487
9770 -2.928734302520752
18841 5.871026039123535
9828 -2.5828843116760254
7743 5.260098457336426
5055 3.221034288406372
1276 2.3584463596343994
20428 0.10871903598308563
23703 -3.1095714569091797
17622 -3.411190986633301
26113 -2.4588491916656494
19394 1.0906798839569092
14756 -2.7193779945373535
18657 -2.8905787467956543
21862 -0.5577868819236755
13354 -1.0524816513061523
9032 3.656205654144287
5551 -2.563878297805786
27545 2.521904706954956
10471 1.6832389831542969
14653 0.7300369739532471
6140 2.772048234939575
390 1.0482946634292603
15492 3.7366409301757812
17328 -3.132702350616455
8081 2.4872071743011475
30588 4.940711975097656
20531 3.8138108253479004
16551 -2.370030164718628
407 4.684667587280273
9540 -1.745558738708496
19954 3.751408576965332
24139 1.6554641723632812
1811 -0.7452090978622437
29290 1.8535451889038086
30357 -1.368699550628662
2768 2.3842241764068604
17313 3.831697702407837
22900 0.7810973525047302
31311 -2.3392744064331055
9377 -2.4610109329223633
10523 -1.9161479473114014
10273 -1.3331990242004395
15580 -0.5699974298477173
30969 -0.5294780731201172
19168 -1.9064946174621582
477 0.6006601452827454
3359 1.8968489170074463
8831 0.19799253344535828
5418 1.7492907047271729
12756 -0.6978488564491272
897 0.4122229814529419
10527 2.0003817081451416
7636 -3.4678425788879395
29854 -0.31767866015434265
1445 1.5278773307800293
16145 -2.2956442832946777
21327 -1.093327522277832
30370 -2.6745963096618652
17044 3.3075168132781982
7535 3.466862678527832
21967 2.620817184448242
25798 3.0074820518493652
3471 -2.911031723022461
14064 -4.323192119598389
23657 3.106605291366577
17519 1.7354364395141602
13188 -2.6215009689331055
12361 6.270896911621094
27836 0.2905839681625366
18818 -1.221181869506836
23706 -0.7454054355621338
29687 1.3873326778411865
18600 -1.321199655532837
20766 2.481196880340576
218 5.584157943725586
26852 1.6236915588378906
17513 -1.8103400468826294
6712 -2.065988540649414
10512 1.0893776416778564
30282 -1.2757036685943604
18965 -1.86825430393219
16075 -2.3135952949523926
10414 -1.5362296104431152
19029 5.488314628601074
2460 2.106550931930542
18975 1.7288355827331543
18545 3.6648497581481934
7865 3.856935501098633
12651 -0.07983584702014923
9243 4.043168544769287
14496 1.6168367862701416
16227 5.628446578979492
13710 -2.51169490814209
21880 3.952479124069214
19782 -1.5996785163879395
18846 2.334674835205078
537 -2.4395487308502197
14079 5.027065277099609
17197 3.272036552429199
5913 -1.6828714609146118
25457 -2.2167305946350098
14543 3.087862014770508
3245 2.614002227783203
19955 1.2280635833740234
16122 2.4038968086242676
23389 4.073612213134766
26477 1.772533893585205
3482 3.8988490104675293
29027 -1.1190142631530762
915 3.408021926879883
27842 -2.8019208908081055
19325 6.443463325500488
20356 -0.5280342698097229
28314 -1.594017744064331
26032 -0.378456175327301
9595 0.43980109691619873
17989 2.045940399169922
19676 -2.0732524394989014
6632 -2.4490232467651367
13938 0.2740657329559326
24263 -3.145709991455078
13820 -1.2985732555389404
15788 5.345667839050293
27445 3.873938798904419
21154 -2.4259731769561768
23958 -1.5761480331420898
6666 -1.430711030960083
8234 3.617184638977051
27962 0.2244333177804947
19054 -1.1084376573562622
3485 -0.15367929637432098
19004 3.193650722503662
4003 4.845940589904785
24531 -0.7145495414733887
6569 3.9199466705322266
22259 6.125595569610596
26578 0.9047833681106567
20671 -0.08626586198806763
10974 2.5103583335876465
18661 -3.5430915355682373
5235 0.5924537777900696
13754 -0.8197624087333679
13102 -1.507413387298584
23048 4.181721210479736
2765 -3.269108772277832
23904 -0.14423683285713196
13779 -2.155787467956543
28304 0.951812744140625
11949 -0.09472236037254333
8090 -2.2075839042663574
27831 1.861351728439331
14685 -0.8115661144256592
3086 -4.137601852416992
24225 2.6665420532226562
19868 1.3452787399291992
12979 3.4230847358703613
27207 6.2397565841674805
21349 -2.5406243801116943
19243 -3.235360622406006
1370 5.54524564743042
16450 -1.8274333477020264
31581 3.3143043518066406
29349 -1.4438989162445068
21249 -4.837106704711914
834 -3.1534886360168457
3833 -1.9410879611968994
31524 -3.560722827911377
23557 2.660691261291504
9943 2.3950419425964355
25213 -1.4933762550354004
12304 3.8877742290496826
11998 0.0078798308968544
4282 -1.8003147840499878
24399 -2.4386205673217773
12461 -1.2439650297164917
22482 -0.2375543862581253
29704 -0.9213387370109558
10352 -0.6468263268470764
21997 3.301150321960449
25324 -2.792797565460205
3265 -2.1503801345825195
31288 0.9281603097915649
27937 0.4828283190727234
19359 -3.6961493492126465
14867 -3.0590579509735107
27553 0.23145663738250732
14128 0.11467432230710983
18101 5.744924545288086
17897 1.665334939956665
12229 -1.7424936294555664
7622 6.103260517120361
23011 2.2749948501586914
18671 -2.087825298309326
12994 7.673973560333252
30938 3.6782076358795166
9018 2.7740206718444824
28000 3.3593597412109375
23030 6.079899787902832
15495 -2.7241930961608887
16185 0.5046505928039551
25836 -1.2980539798736572
1761 3.284076690673828
20735 -1.4756414890289307
12949 1.7132034301757812
17301 3.942397117614746
31751 0.9798622131347656
22758 4.4790239334106445
22029 -1.33161199092865
12071 -2.084583282470703
31122 2.751878023147583
14888 -4.154061317443848
19694 -1.4348397254943848
11377 -3.3800721168518066
17200 -1.7817054986953735
30086 -0.4161893129348755
30871 1.4161875247955322
27170 -3.4148571491241455
22952 -0.9415181875228882
29934 -0.899693489074707
21393 -1.3475496768951416
13661 -2.001282215118408
7984 2.2087836265563965
13329 -1.8788282871246338
7354 3.504631757736206
11807 2.283200263977051
27134 -0.6175744533538818
26911 -3.352099895477295
16082 2.967496395111084
8475 1.4717925786972046
5600 -1.3272221088409424
15868 3.351933240890503
27968 0.7002624273300171
14046 5.298130989074707
4488 -4.6309003829956055
8361 1.3292114734649658
5657 -0.9107857346534729
21660 0.20082056522369385
17865 1.296257495880127
8024 -2.4216368198394775
5214 -0.9976950883865356
31454 0.09494024515151978
27268 -4.24724817276001
6691 1.2909148931503296
26751 1.5051918029785156
29682 -2.665630578994751
31585 2.990516424179077
18564 4.915311813354492
29230 -1.4781386852264404
16108 5.203526020050049
8550 -1.5927386283874512
3795 4.7655744552612305
17319 3.732637405395508
4192 4.567242622375488
3171 2.653036117553711
22880 -0.6365662217140198
28599 -2.3178296089172363
28165 0.5850154161453247
12903 3.2390928268432617
31646 2.538996934890747
2071 -1.2126963138580322
5484 0.8303508758544922
31158 1.3138010501861572
6105 -2.0234596729278564
17553 2.1928868293762207
31463 3.6139979362487793
3560 0.9799174070358276
27363 1.1867234706878662
27353 2.3281078338623047
25229 0.567415714263916
17575 2.0009121894836426
30946 1.2449630498886108
30124 -1.2632396221160889
6870 3.700167179107666
23722 -0.8957983255386353
30829 4.071897506713867
19651 4.080259323120117
29394 2.322882652282715
14714 -1.7049684524536133
28541 3.006420612335205
12 -2.262195110321045
29537 2.4886832237243652
8225 1.7712621688842773
7981 1.1619514226913452
18729 0.1053326353430748
2459 2.2187891006469727
2909 2.4649152755737305
28443 1.4400455951690674
16394 -1.697100281715393
777 3.9590439796447754
13979 0.3427833616733551
29284 1.5324143171310425
8791 -2.672656536102295
28708 2.42311429977417
11837 1.5611751079559326
21871 3.603160858154297
4366 0.8902519345283508
22713 -3.289325714111328
12443 1.8977737426757812
20843 -2.8436460494995117
17001 3.803694009780884
23962 1.1969033479690552
9414 0.9626087546348572
16618 3.9170620441436768
14896 1.38926362991333
1218 0.13774561882019043
22568 -0.9310339689254761
4444 2.139319896697998
14401 -1.5218666791915894
29670 6.173123359680176
2059 3.0195093154907227
17291 -0.8410565853118896
22130 0.7046999335289001
22441 -1.6485331058502197
23900 -1.447037696838379
10442 1.1644014120101929
17552 -1.1681206226348877
5442 2.72401762008667
18807 -1.849108338356018
25074 2.147704839706421
28226 2.397124767303467
5937 1.4046845436096191
19675 -0.13559235632419586
1299 -2.1617956161499023
5866 1.9859027862548828
11143 -0.499897301197052
3381 4.4321184158325195
20158 1.86281156539917
3667 2.311781167984009
27027 0.19584369659423828
18141 4.007762908935547
18257 2.583976984024048
16798 1.8904430866241455
29595 -0.14421416819095612
131 -0.8984029293060303
9083 2.5815439224243164
20364 3.824394702911377
14987 1.203642725944519
23745 -1.7432281970977783
29700 5.427406311035156
18074 1.5231153964996338
10750 -0.7730287313461304
21693 0.42984575033187866
1916 4.582165718078613
17335 -3.6930480003356934
19388 5.087733268737793
14620 0.9067771434783936
7965 -1.3302907943725586
1018 1.3262537717819214
21003 4.123045444488525
15196 3.5972087383270264
13650 -1.2774031162261963
12294 0.7222335934638977
5566 -1.5272982120513916
8149 -0.5874029397964478
24273 -0.41811084747314453
19792 -0.2149980217218399
29944 2.4705047607421875
13058 -0.32410311698913574
9433 2.172086477279663
21518 -0.9359790086746216
14661 5.46995735168457
29530 -2.1806273460388184
13273 2.6133501529693604
29453 3.2606329917907715
22564 0.7938194274902344
24044 3.2973437309265137
31090 3.6914455890655518
2891 1.2191009521484375
7850 0.3078044354915619
14263 2.602539300918579
197 0.6117807030677795
17403 1.2004172801971436
19036 -0.28686490654945374
3544 0.1391356885433197
1021 -1.8241193294525146
26550 1.0702601671218872
29743 0.6102787852287292
13371 1.6754648685455322
13348 2.6709513664245605
29053 -0.1787884682416916
24205 4.1501359939575195
4943 1.794743299484253
20126 4.396720886230469
19751 2.5477101802825928
23124 4.463520526885986
24889 0.5154114961624146
11043 0.1813395470380783
9917 0.5684390068054199
29411 3.0449821949005127
12789 1.6010115146636963
29377 4.994606971740723
24024 -0.877055823802948
4183 3.5899264812469482
28516 2.4839158058166504
606 1.0517326593399048
20315 2.25628399848938
14455 1.7003962993621826
12595 -1.0751733779907227
19629 0.07536311447620392
22718 1.8589555025100708
14108 2.456934690475464
26407 1.5589948892593384
28499 1.9562245607376099
14515 4.8204450607299805
3247 4.527645587921143
8905 3.180227756500244
2189 -4.439313888549805
28782 -1.3572463989257812
19414 -0.610800564289093
30485 -1.835625410079956
4982 4.498933792114258
3860 3.201190948486328
17257 -1.134918451309204
14276 1.5193006992340088
21082 6.456389427185059
1961 4.661569595336914
28550 0.9574856758117676
28804 -3.0161561965942383
28823 1.2505398988723755
754 0.9081114530563354
20482 -1.6559998989105225
9471 0.049882836639881134
31256 2.5450239181518555
20471 3.0667643547058105
4974 3.3993167877197266
25984 -1.0691968202590942
17263 0.43054232001304626
10989 -1.243570327758789
18163 -3.6493117809295654
11460 -1.9303250312805176
28983 -3.9199066162109375
7824 4.802210807800293
10304 -0.8898919820785522
26549 4.918838977813721
29305 -2.3337788581848145
18805 -0.9478492736816406
10451 -0.20932061970233917
2046 -1.2491886615753174
5916 3.5238053798675537
3979 5.526843547821045
3694 0.8017699122428894
20291 2.6538774967193604
991 -3.24055814743042
25101 1.5871896743774414
26127 -3.700235605239868
6681 0.24119912087917328
19371 -2.669301748275757
26616 3.314074993133545
11091 1.3975389003753662
2518 2.152653455734253
7087 -1.8380827903747559
29703 2.469485282897949
31723 1.7572746276855469
28412 0.9865273237228394
15153 1.745762825012207
955 -2.002270221710205
29725 3.3143904209136963
94 1.459991693496704
8105 2.908539056777954
1397 -0.9496628046035767
28765 -1.6262993812561035
5079 3.5892231464385986
28518 2.3760552406311035
12287 -1.6094717979431152
2405 -0.22583375871181488
4506 -0.9391498565673828
17680 -2.5244007110595703
73 -2.214585304260254
15396 -0.5361974239349365
12139 5.004700660705566
13621 0.1298280954360962
22577 -3.0080833435058594
24798 1.6943519115447998
24938 -4.362523078918457
7103 1.344923496246338
12054 0.8461344242095947
30285 -0.7066493034362793
12431 3.709261894226074
566 -0.6792476177215576
4345 0.2878306210041046
28038 -2.9683444499969482
11533 -4.358301639556885
5684 -6.241293907165527
2007 -3.3361454010009766
25892 -0.3922714591026306
11851 -0.4059273898601532
14074 1.6638169288635254
8913 4.1547441482543945
24668 3.1909313201904297
24155 1.248242974281311
19317 0.31044697761535645
10067 5.021201133728027
30095 1.8330373764038086
19112 0.9543691873550415
12192 1.3834320306777954
23678 -2.827655553817749
6797 4.701258659362793
9369 -2.7220191955566406
30828 -2.307809829711914
4617 1.9335496425628662
23695 -1.926391363143921
28358 1.707617163658142
14478 -2.8656933307647705
14323 4.779082298278809
13113 -3.292234420776367
25152 0.26547253131866455
19446 6.297126770019531
10315 1.5252114534378052
18190 0.25045573711395264
12830 -0.989732027053833
28848 3.7180516719818115
27184 1.9167472124099731
4455 -1.3780038356781006
7775 1.5410137176513672
5255 -0.9375333786010742
11760 0.20867891609668732
9492 -1.1293842792510986
2848 1.845897912979126
3858 -1.740333080291748
17592 3.014852285385132
29570 2.101691722869873
5115 -1.3482844829559326
31672 4.2865142822265625
21541 3.966038703918457
238 1.0412797927856445
19352 4.835244655609131
18950 0.6861927509307861
31404 1.6841192245483398
30925 0.7033250331878662
21873 -2.201794147491455
22938 -2.0876951217651367
28482 4.217098236083984
13263 -2.7989020347595215
28394 3.45855975151062
990 -2.8157620429992676
22267 -3.633665084838867
15044 -2.7596096992492676
24968 3.8077714443206787
22605 -2.136040687561035
12752 -2.5022640228271484
16885 0.42583948373794556
23749 -1.4031798839569092
14555 2.959218978881836
13546 -0.7358838319778442
27413 2.2841053009033203
14037 3.05330753326416
21798 1.180514931678772
13907 -0.6202520728111267
9571 -0.49292147159576416
15792 2.2879719734191895
20764 0.9491154551506042
30169 -3.788163185119629
7663 1.34517502784729
14749 3.9698057174682617
4967 -0.8250504732131958
28285 -1.4729105234146118
11009 0.600307047367096
26478 -2.089857578277588
24612 -0.6023910045623779
15476 0.0011413097381591797
2996 3.010105609893799
19096 -3.5693564414978027
29867 1.562190055847168
26590 0.8201788067817688
6060 -3.5624847412109375
17496 2.746513843536377
24805 -1.093763828277588
26621 -1.4581279754638672
2534 1.4363042116165161
19620 0.6479192972183228
9620 -3.7498087882995605
22310 -2.5407989025115967
19482 0.3951062560081482
15766 -3.870734214782715
11420 1.908616542816162
3267 2.889345169067383
13045 1.7890609502792358
31334 -0.053981248289346695
31102 3.7617721557617188
20394 2.6336050033569336
21859 0.15947897732257843
12430 0.4762026071548462
18622 2.3296685218811035
14732 -2.7019152641296387
5853 0.5208529233932495
26510 -0.4360668361186981
16877 -0.22880929708480835
19779 4.651196479797363
21587 -0.7892767786979675
25781 3.799945592880249
14565 -2.41696834564209
29879 -3.441781520843506
8097 -0.08574285358190536
27658 2.793484926223755
31547 4.617537021636963
18148 1.9760879278182983
31337 -2.4429168701171875
30949 1.6584532260894775
24455 4.380763530731201
9162 -3.2846431732177734
31496 -3.248806953430176
21900 1.1589460372924805
27020 -0.07218050211668015
14637 2.0511231422424316
30633 3.318103313446045
22687 4.414094924926758
26567 1.3118882179260254
27865 -0.8563173413276672
20422 -2.942790985107422
15989 2.356019973754883
1639 -2.7734947204589844
9855 1.320552945137024
607 2.976032257080078
4123 0.22535452246665955
8117 0.5377271771430969
16156 5.261769771575928
14083 1.79069983959198
25812 -1.5500144958496094
11720 2.1908090114593506
16768 0.43768781423568726
21386 4.182328224182129
14558 -0.4435471296310425
5973 2.3922171592712402
23585 -1.7932546138763428
5145 -1.2151343822479248
21471 5.241827487945557
12327 -2.3372719287872314
16968 -1.1381089687347412
9933 -0.16736343502998352
27813 2.715254783630371
26916 1.980987310409546
13472 -1.1234235763549805
12112 2.0785608291625977
8403 3.65224552154541
6179 -1.6982568502426147
21742 -3.1338448524475098
30005 -0.6553979516029358
28815 2.3188018798828125
15773 0.7463079690933228
21902 -5.055394649505615
20310 1.6849511861801147
15335 0.8353085517883301
25591 -2.729116439819336
11828 4.555714130401611
15124 1.2947602272033691
574 -1.3052188158035278
20129 -1.5980745553970337
30582 0.3234911262989044
21968 -0.24401338398456573
9252 0.5622968673706055
1658 1.6189340353012085
27477 -2.77646803855896
15695 3.9292478561401367
8093 -0.930922269821167
11692 3.4542412757873535
27676 2.031444787979126
18347 1.7530367374420166
9731 5.847160339355469
4596 -0.2698627710342407
10829 2.646789073944092
3849 3.4285149574279785
7171 -2.6920886039733887
16521 -0.17410747706890106
24505 5.402154445648193
15541 1.3137340545654297
20690 2.619894504547119
9140 2.433284282684326
8309 4.599472522735596
584 3.9988744258880615
15783 3.8456578254699707
24227 3.1684045791625977
27858 -2.4098448753356934
27599 -2.7720611095428467
6357 -4.269989490509033
22698 -0.5839400887489319
485 0.1259884387254715
19450 -4.669841766357422
20243 -0.7371960282325745
4415 2.325000286102295
8479 0.4938095211982727
20980 -4.182253360748291
27885 -3.723628520965576
22813 -3.286111354827881
23010 1.0388493537902832
5972 2.208514451980591
28411 0.7674129009246826
20244 0.380277156829834
27116 2.0814032554626465
18752 4.810356140136719
2804 0.14112307131290436
6713 4.231054782867432
2387 1.1485387086868286
31628 0.3670423626899719
15644 3.35038423538208
14082 -1.0808870792388916
14554 5.626291275024414
7441 3.021426200866699
1762 2.5054779052734375
16242 3.716984987258911
3327 -0.06505896896123886
7749 1.9059592485427856
15119 -2.2780232429504395
22677 4.285515308380127
23857 1.1959080696105957
18216 -1.7619969844818115
22239 2.7158751487731934
30714 5.356280326843262
27949 2.337862968444824
22720 -0.02910403162240982
31188 2.3121824264526367
30567 6.90143346786499
15271 -3.20396089553833
14013 1.7941722869873047
30845 0.5105682611465454
9071 -3.5333869457244873
10326 0.3105275332927704
8987 2.5804829597473145
868 -1.8476307392120361
13305 1.4667630195617676
3374 -2.2927184104919434
11582 -1.4884700775146484
22435 0.6413588523864746
6346 2.1294543743133545
21765 0.4245111048221588
18783 1.5311620235443115
20678 5.141902923583984
3880 1.3410509824752808
25562 -0.9700101613998413
21596 0.6544701457023621
17898 0.5295459032058716
22044 2.7312979698181152
12894 0.6300172209739685
4703 -1.1664851903915405
3637 1.3010268211364746
31407 -2.901325225830078
11300 2.0013389587402344
4038 -0.7647812366485596
15176 -1.0694020986557007
18961 3.5169641971588135
31684 4.718708515167236
5865 2.160198926925659
23630 4.970317840576172
9989 -3.191490411758423
2503 -3.9232044219970703
1292 0.9767884612083435
20095 1.1384822130203247
28937 -2.0289509296417236
3389 -0.7440688610076904
6094 1.3090200424194336
15762 -0.13669317960739136
18484 -0.7366466522216797
9699 -0.9338613748550415
13359 3.040400505065918
21158 2.8462038040161133
2547 -2.6491947174072266
23341 1.5224354267120361
5399 -3.442140579223633
27883 2.9580743312835693
10059 -0.1101856529712677
30048 -2.2491016387939453
4210 -3.5998997688293457
29898 -2.8871517181396484
23688 4.871088981628418
19026 1.970545768737793
26867 0.6060217618942261
2801 -2.3348848819732666
17665 2.4193742275238037
15497 2.0404012203216553
30331 -1.319933295249939
170 -3.4265010356903076
6492 2.4781994819641113
30257 0.5062708258628845
1297 -1.8871878385543823
8276 5.7672600746154785
17744 3.9613196849823
30390 0.04422728717327118
31025 3.25148868560791
17927 0.37750810384750366
20960 1.191565990447998
21951 -2.536684513092041
9486 0.6113094687461853
14929 0.12230910360813141
4849 0.09206042438745499
27609 0.7254931330680847
27307 0.8112833499908447
18817 1.4366520643234253
16718 2.423032760620117
614 0.23759469389915466
6125 4.947831153869629
27578 1.8499982357025146
23548 -2.2150278091430664
27967 3.6880171298980713
15712 -1.452113151550293
21152 5.58835506439209
24737 0.26775598526000977
6637 5.249807357788086
992 4.595829963684082
5438 2.070143938064575
14983 -0.8630076050758362
11660 -0.8017436265945435
20562 -0.12191653251647949
18952 0.8346270322799683
7630 2.3753819465637207
7479 1.1643714904785156
6841 4.399076461791992
24833 1.473069667816162
16951 0.4863758385181427
12541 -1.5098373889923096
30248 3.897156238555908
26519 3.3976991176605225
12632 1.1223180294036865
7303 4.045650005340576
18448 0.5110494494438171
15097 -0.7178717851638794
1424 2.5575103759765625
2655 0.01495344191789627
4427 -0.27608126401901245
15833 1.5119436979293823
30289 1.755206823348999
29019 1.5858421325683594
27286 2.0784268379211426
18766 2.483348846435547
21531 2.970505714416504
11078 2.962477922439575
3221 2.306784152984619
27108 -3.5506701469421387
24419 3.751697540283203
18159 -2.00089693069458
1351 -3.055530548095703
28102 2.791713237762451
30044 -2.794966220855713
21178 0.5176683068275452
23281 -2.3492205142974854
18868 0.9259200096130371
28348 3.55283784866333
5603 -1.1889009475708008
65 -1.3795785903930664
4730 -2.191877841949463
3871 -3.127072811126709
20362 -1.1322435140609741
2831 3.63236403465271
24615 3.537367105484009
17646 -1.5792739391326904
16339 -1.065790057182312
24572 -0.22932954132556915
30363 4.026762962341309
14975 -1.1910812854766846
13449 0.021857723593711853
20059 -3.331024169921875
9115 2.7928929328918457
28427 -2.3941421508789062
31565 4.237064361572266
11165 0.6099340319633484
7366 1.2630853652954102
17764 4.692709922790527
31147 0.882129430770874
7609 -1.3467319011688232
21461 -2.599790334701538
1473 -2.5531740188598633
9461 -0.14926107227802277
18713 2.1583428382873535
12836 -3.536115884780884
15410 0.8894867897033691
26694 -2.255667209625244
2875 -0.32535320520401
17629 2.4543981552124023
8894 -1.3971428871154785
2954 0.9561854600906372
31659 -1.4796136617660522
15084 -2.592787742614746
20717 0.912922203540802
15141 2.7111923694610596
22163 4.369111061096191
9093 1.9063658714294434
26029 -0.8993474245071411
842 -0.9525274038314819
2453 -2.1636078357696533
28710 -2.0518360137939453
25231 2.122866153717041
25544 4.726301193237305
15028 1.4723968505859375
7484 3.762734889984131
12233 1.984891414642334
31686 0.987964391708374
16579 -3.0157833099365234
28288 2.782921314239502
30757 1.9913599491119385
16178 3.863354444503784
27083 -1.4344089031219482
24544 -1.4172139167785645
31567 2.4966232776641846
2514 2.073979377746582
28139 -1.6517508029937744
8747 -0.6023383140563965
15404 1.6348952054977417
29367 -2.0702829360961914
28161 0.5053006410598755
24733 4.552405834197998
28076 -2.5364537239074707
17757 -0.5696619749069214
6270 -1.0906635522842407
19080 3.984567880630493
25251 0.4629552960395813
16760 1.2021303176879883
10372 0.05184648931026459
19270 -0.4380855858325958
10187 -0.3631209135055542
6097 -2.5619001388549805
17107 0.03062458336353302
6446 -2.1409451961517334
1623 1.4553956985473633
10649 4.728615760803223
8584 1.4606413841247559
19886 2.3512043952941895
11077 1.8979891538619995
6541 1.7334483861923218
9875 3.9085874557495117
16693 6.843136787414551
29142 1.120483636856079
29665 1.1222286224365234
6146 2.0781986713409424
27850 1.7418842315673828
28373 0.08356232196092606
25069 1.1766300201416016
865 -3.1649985313415527
26907 1.1123483180999756
22028 0.8446569442749023
27572 2.907010316848755
23051 -0.07948493957519531
25762 1.3263797760009766
10560 -0.5490964651107788
29803 2.799738883972168
12680 3.184333086013794
11664 1.275644063949585
18430 1.4726619720458984
17960 3.3235666751861572
24644 3.6808788776397705
20065 0.8515931367874146
28173 -0.6403616666793823
17439 -2.768498182296753
1871 6.219143867492676
22156 -2.472407341003418
10529 4.880634307861328
1422 4.9987969398498535
441 -2.867255687713623
17109 -0.8593246340751648
27395 5.3526611328125
19830 6.401062965393066
17083 3.279179096221924
17455 2.6042213439941406
19003 -1.0807185173034668
23599 -2.448477029800415
30007 -1.6102759838104248
13951 -2.603079319000244
21012 -0.9906824827194214
30227 5.449609756469727
16290 5.269921779632568
5641 -1.9716209173202515
9835 1.018212914466858
22945 2.502495288848877
28925 1.7267603874206543
3699 4.004472255706787
2879 3.16928768157959
9121 -1.386738657951355
13390 3.67569637298584
14985 0.21641676127910614
28010 3.612389087677002
14725 3.1050639152526855
19260 7.525031089782715
12809 3.3126444816589355
16053 -2.7732410430908203
21790 3.95377254486084
24435 1.2539699077606201
12074 0.3969389498233795
29110 -1.7645725011825562
26044 -0.7720841765403748
5686 2.9858012199401855
17300 1.1827338933944702
20809 1.0021288394927979
11256 -0.1615324467420578
26696 0.43689754605293274
16131 5.213332653045654
4855 -1.0894957780838013
4532 -0.2376372516155243
16543 3.178253173828125
19213 4.896457672119141
5087 5.47795295715332
14550 0.9505903720855713
8989 -3.208422899246216
1839 -2.040607452392578
31150 2.464418888092041
24993 -3.3000097274780273
6490 1.366011619567871
10031 3.2369601726531982
19447 -3.6726770401000977
8080 -0.08824893832206726
9511 3.295001983642578
21563 0.9170999526977539
27520 -2.550353765487671
24724 3.086360454559326
13828 2.519468069076538
6990 6.948506832122803
14021 -1.9832208156585693
25881 0.3576141595840454
22450 -3.045085906982422
25810 -1.1172404289245605
213 0.8248968124389648
12728 1.2918094396591187
4071 1.815408706665039
20986 2.970743179321289
9304 -1.1146125793457031
14429 6.252353668212891
23286 1.8189280033111572
15898 -2.981722354888916
25481 -1.836573600769043
23283 -1.0060592889785767
13860 3.689182758331299
5192 3.322146415710449
21435 3.663980007171631
522 3.8710811138153076
25902 1.7211098670959473
29066 -2.6699743270874023
29932 -2.849106788635254
23495 -2.604294776916504
24504 -1.070816993713379
30479 -2.907388925552368
4538 -1.830433964729309
14873 -1.1959705352783203
464 -3.047560691833496
22097 4.524946212768555
24134 5.170407295227051
5121 -1.482484221458435
7735 -3.6152453422546387
1372 3.349520683288574
25245 5.414706230163574
8031 5.350637435913086
14428 -2.790081024169922
14422 -2.8071188926696777
15863 2.556298017501831
15550 2.421816349029541
30973 -2.9207401275634766
9721 0.09226418286561966
10932 -0.46558278799057007
27160 1.683412790298462
15526 1.5983874797821045
30843 -2.372563362121582
5265 7.374157905578613
11637 0.9836806058883667
23645 -1.8722420930862427
11400 4.868165969848633
20401 -3.327116012573242
18734 1.2954814434051514
2488 1.9813035726547241
6127 3.100267171859741
25811 -0.8275705575942993
26486 2.658883571624756
31746 -0.46718278527259827
19795 1.581595778465271
9904 0.29677003622055054
19584 4.204814434051514
23131 -3.0194475650787354
22514 3.160492420196533
2898 2.4005558490753174
24318 4.502065181732178
9253 1.7933698892593384
18749 3.3370137214660645
14001 2.3876566886901855
24638 -2.413668394088745
8579 3.706149101257324
12356 0.619347095489502
18895 3.6082229614257812
14783 0.7830508947372437
21885 -3.1505937576293945
16324 3.4881410598754883
12960 -2.8794240951538086
21357 -3.2000386714935303
18571 1.4203358888626099
31095 3.124624252319336
20638 3.083897590637207
22867 -3.057781219482422
8281 -2.3863167762756348
15717 -0.37776294350624084
31328 0.12035506218671799
8137 -1.5574676990509033
30326 1.702148199081421
25194 4.014918327331543
5929 2.882758617401123
23819 2.396313428878784
17470 1.8840912580490112
20256 0.8320828676223755
31272 -2.1848137378692627
8258 -1.9599541425704956
25554 -2.9800901412963867
8816 -0.15530924499034882
16580 -1.176251769065857
6122 -4.445650577545166
16569 2.453805685043335
16128 4.423691749572754
21617 -2.56064772605896
30154 -0.731918215751648
24870 -2.427208423614502
19735 3.338686466217041
5575 4.050766468048096
8101 -1.0147714614868164
3345 -2.971920967102051
8244 -0.9431476593017578
16366 -0.16928592324256897
4639 3.918058395385742
6608 3.2343101501464844
24450 -1.296799659729004
28365 -0.46151044964790344
20879 -2.3173294067382812
30910 -2.6117005348205566
544 -3.1131317615509033
24913 -3.8789010047912598
8422 3.469724178314209
10439 1.7394317388534546
21892 -1.4634764194488525
4995 1.890929937362671
4185 -1.0070266723632812
12973 3.418032169342041
18549 0.6721316576004028
19793 1.3170530796051025
11161 0.6573768258094788
19197 -1.9526259899139404
20580 -0.9192535281181335
24452 -2.210279703140259
27121 -2.6050758361816406
26721 3.786879301071167
14415 -0.6630563735961914
15744 3.4273509979248047
1366 2.021256923675537
28180 3.3323142528533936
30809 -2.8393394947052
14031 0.7682053446769714
5837 0.9360462427139282
6591 7.690854072570801
12722 -2.096343755722046
22304 3.5768465995788574
29351 -1.8171813488006592
28073 1.4869413375854492
7797 0.1816065013408661
27946 3.433210849761963
15289 1.6359444856643677
22960 3.0609331130981445
5917 -2.7811989784240723
4069 -4.056380748748779
19147 -2.4993648529052734
18220 -2.310718536376953
11843 1.454030990600586
5147 0.22847628593444824
8494 -1.064384937286377
24328 0.7439498901367188
3861 1.2542762756347656
25724 -1.103287935256958
30680 3.316279172897339
1754 5.0177764892578125
12457 2.650078535079956
12022 -0.12284844368696213
20030 0.8142053484916687
28144 0.5160146355628967
24518 0.5305755734443665
14747 0.5503854155540466
15259 5.114336013793945
6459 2.116946220397949
13160 3.0503032207489014
6551 -0.34539878368377686
19125 0.5609431266784668
15123 3.152710199356079
3732 -1.4670259952545166
24192 -3.6214635372161865
29076 1.1494710445404053
19621 1.8617745637893677
9669 5.121434211730957
9872 2.8955600261688232
9329 -0.5378394722938538
4115 -1.4438209533691406
413 1.3773565292358398
31685 -0.3246298134326935
7385 3.3503713607788086
26470 1.2353143692016602
5550 2.9519002437591553
7986 3.3060142993927
27438 0.029284149408340454
12647 -1.470172643661499
18701 1.4940812587738037
4005 3.1683311462402344
13731 2.4969167709350586
20946 0.7240161895751953
23934 2.6904215812683105
22586 2.0761542320251465
21724 2.3293495178222656
13340 -1.9724535942077637
15207 1.8543027639389038
18568 -0.33996066451072693
15535 4.3294572830200195
5986 0.1221100389957428
25885 1.3302009105682373
5076 2.5970802307128906
21433 6.29824161529541
19885 -2.495227336883545
16587 -0.27051660418510437
7825 0.8674219846725464
13186 -1.1911206245422363
3857 -2.2809042930603027
21635 6.396575450897217
12697 2.0296220779418945
13617 0.7320845723152161
5961 0.7437300682067871
18294 2.034036159515381
25327 3.539437770843506
12120 -1.0353682041168213
3500 2.428107261657715
6730 -4.259166717529297
16501 -1.1359997987747192
6396 -0.9685869812965393
15130 -0.5814486145973206
20855 -2.7916364669799805
6780 -2.481410503387451
20545 -1.0050078630447388
12516 1.2476871013641357
30801 -1.497887134552002
31773 -2.358214855194092
11141 1.2365930080413818
1967 4.993857383728027
19402 1.1808273792266846
14412 0.7276322841644287
1472 2.8169991970062256
5584 -2.238617420196533
6572 -0.7128685712814331
8215 1.459869146347046
24342 1.5608131885528564
30179 2.4909324645996094
29836 1.5067112445831299
17435 0.13613009452819824
19594 -1.2623002529144287
12217 5.847078323364258
23550 -1.6615028381347656
10601 3.468008041381836
26714 4.969252586364746
15262 -0.9891401529312134
26353 0.4986029863357544
10216 -1.9520988464355469
14551 -3.757084369659424
28824 1.2287960052490234
10265 -0.035075217485427856
16788 -2.9031496047973633
21074 -1.1627416610717773
7914 -1.682619571685791
3747 0.6549313068389893
29425 0.6931870579719543
4898 2.8475184440612793
12577 3.3053927421569824
28325 4.292337894439697
12101 3.545790672302246
27556 0.3751958906650543
3349 -0.7959756851196289
4768 -1.756622314453125
22256 -2.730428695678711
3670 1.7143487930297852
8733 -2.3164219856262207
8887 3.944955587387085
4510 2.1002228260040283
19432 -3.6568808555603027
27487 2.242763042449951
8970 -1.3584208488464355
6684 6.338688373565674
20961 -0.6769008636474609
11888 -1.7703542709350586
3705 -1.4827061891555786
22710 1.2301359176635742
24052 4.941892623901367
6857 -0.36475417017936707
26441 1.6993420124053955
15201 -0.10052704066038132
18670 5.320033073425293
20590 -0.46747273206710815
9696 2.3102407455444336
12012 2.5109777450561523
21344 -0.8240774869918823
29827 -2.1724648475646973
12652 -1.1096352338790894
2613 -2.877448797225952
28632 -1.5420626401901245
4313 2.422325372695923
6763 4.416567802429199
15855 5.6969428062438965
27040 2.723029851913452
22363 -0.7568841576576233
25301 -3.5956783294677734
23877 -2.3557701110839844
10483 1.5113813877105713
5884 -1.3056037425994873
5687 -1.218726396560669
22292 5.20289421081543
7333 2.413395643234253
2133 -3.643070697784424
12453 0.37048637866973877
24905 -0.4490957260131836
10236 2.331592082977295
6375 -0.5104254484176636
12713 4.452599048614502
24934 4.142352104187012
13786 3.6713342666625977
1772 2.7135205268859863
31262 -1.9686903953552246
17720 5.353039264678955
12391 -0.19077502191066742
26720 3.8042843341827393
17184 3.535928249359131
19110 -0.4142298698425293
17803 3.118259906768799
10919 3.7391388416290283
24337 -0.6235076189041138
8028 1.2479479312896729
19990 1.478711485862732
11835 -0.8992112874984741
8210 -0.07560665160417557
28916 -1.6729037761688232
19587 -3.066256284713745
17409 -1.541101336479187
788 1.2335760593414307
25338 -0.5982450246810913
30667 3.0364480018615723
1096 2.025697708129883
14425 -1.1749426126480103
14853 1.5808732509613037
24138 0.17656952142715454
25373 0.31107383966445923
21990 -0.9939036965370178
1179 1.2853585481643677
2915 -2.325223445892334
13743 1.3085352182388306
2532 -1.9824894666671753
14309 3.3747758865356445
1547 2.033813714981079
2273 2.7150726318359375
2497 4.895828723907471
13328 0.4457125663757324
21970 0.42880740761756897
2987 0.9898159503936768
8755 -0.7161824703216553
13879 2.344977855682373
27198 2.7005276679992676
17055 2.697239875793457
13984 -0.5197941064834595
12077 -1.764207124710083
30038 -1.6909589767456055
25563 0.5947959423065186
12890 -0.4206397533416748
6538 -2.2289669513702393
20622 2.530869483947754
26226 -0.7289924621582031
13670 2.543623685836792
15185 2.0434067249298096
21553 -4.306273460388184
8923 2.104616641998291
3434 -1.4170358180999756
29883 1.1574958562850952
11970 1.9028481245040894
8016 1.8799102306365967
16770 0.7413321733474731
23433 -4.770641326904297
21480 2.1001548767089844
24131 3.7432379722595215
12720 -2.685861587524414
21960 -0.45286011695861816
14420 -4.27845573425293
961 4.858211517333984
13846 2.2920498847961426
5327 0.042118825018405914
7624 -3.445726156234741
21240 -1.878089427947998
19381 5.302264213562012
15161 5.175301551818848
543 3.340771198272705
11264 -1.2361721992492676
18463 3.3642144203186035
14343 2.0183215141296387
4004 1.187203049659729
25085 0.5444296002388
1636 -0.019231997430324554
3817 -0.2541400194168091
17256 0.3283776044845581
17477 -4.406297206878662
8954 1.5628902912139893
12008 -3.0210068225860596
22314 2.204484701156616
14168 7.264732837677002
15464 -1.3431562185287476
15933 2.1149580478668213
10895 -1.9965739250183105
2129 0.8641471266746521
19578 -2.0657334327697754
3077 3.467562675476074
22759 1.7812174558639526
9046 0.5892035365104675
8606 -1.5354111194610596
20709 0.8578686118125916
1568 3.474968910217285
26816 -2.332953453063965
30138 5.44481897354126
22008 2.4099843502044678
27581 1.2385317087173462
20585 -1.3138386011123657
23266 5.196817398071289
3823 2.818657398223877
1616 1.1021970510482788
29328 2.650800943374634
22910 0.8319247961044312
12574 -0.9251143336296082
1988 1.9553873538970947
29389 3.9535200595855713
8446 -1.9166858196258545
14377 0.5381032824516296
13107 -2.1309540271759033
8588 -2.737184762954712
12401 2.4786157608032227
16457 -1.2560436725616455
4420 2.483147621154785
20905 0.8211513757705688
6334 1.3203566074371338
14088 2.8624939918518066
31443 -1.53145170211792
29310 4.656042098999023
30395 2.4392502307891846
4891 2.6987428665161133
2790 4.961226463317871
4927 1.8255505561828613
19083 -1.3780903816223145
30214 -0.7212849855422974
25644 -1.1258466243743896
5982 0.4159836173057556
1725 3.6829380989074707
3889 -1.5415570735931396
31490 0.7428410649299622
26025 -1.1287592649459839
27793 -2.014920473098755
30070 4.147390365600586
22405 1.6218757629394531
16494 2.225651979446411
21987 2.4877429008483887
3528 7.686630725860596
26774 -1.9782607555389404
21749 -0.4924529194831848
20494 -0.5110489726066589
4573 -1.6624219417572021
19512 3.32615065574646
18810 -3.158787965774536
306 2.905292510986328
14054 3.259789228439331
791 0.9890202283859253
13630 -2.1940958499908447
22941 2.380129814147949
15168 3.9407806396484375
13613 2.2395339012145996
13922 -0.0031741484999656677
15021 -3.3433122634887695
13393 1.586857557296753
11292 2.6444740295410156
26364 -2.4752235412597656
25341 2.7499332427978516
1460 5.555324554443359
12587 2.5472121238708496
8835 -2.7942590713500977
16722 3.5130372047424316
9052 0.3006015121936798
629 2.384589433670044
17827 5.712605953216553
21887 3.3683857917785645
23673 1.628746747970581
18934 -0.8333086967468262
12519 -0.9963636994361877
9778 2.864962100982666
17730 -1.3677043914794922
14795 -2.30610990524292
20950 2.5626320838928223
26589 2.8530399799346924
28172 1.3864707946777344
29010 1.9627223014831543
6599 1.4549198150634766
18472 0.29983872175216675
14923 0.9221503734588623
11593 4.037500858306885
24111 2.3306946754455566
26027 2.2172389030456543
18985 0.8423078656196594
10838 -0.13850359618663788
19360 4.427922248840332
4044 3.382819175720215
25108 1.521566390991211
16420 -0.9633030295372009
23295 -2.1380538940429688
29975 3.064000129699707
21005 3.545584201812744
21520 2.636636257171631
28178 5.082685470581055
11255 2.792147159576416
562 -0.022504210472106934
17926 2.9150500297546387
31710 3.803513526916504
26536 -0.04583720862865448
29431 -0.9263399839401245
4326 0.6827124953269958
29567 -0.9153087139129639
6514 0.44425642490386963
21263 -0.6806207895278931
10255 2.5242772102355957
10617 -0.37842515110969543
26896 1.3883626461029053
11385 4.785181999206543
21277 5.678235054016113
11151 1.7871601581573486
8239 2.148451328277588
27122 5.354406833648682
26734 5.819559574127197
435 3.14888334274292
6093 2.741611957550049
19798 2.3599395751953125
26468 1.0869368314743042
29760 -2.7803328037261963
20631 -5.405332088470459
3361 2.6715803146362305
10998 0.4042922556400299
24792 -4.462607383728027
27495 -2.656381368637085
30460 1.6870253086090088
5089 0.9474902153015137
10256 0.5315248966217041
9751 -2.0427064895629883
13549 0.24299871921539307
28171 2.8145601749420166
2558 -2.287853956222534
13288 0.14120985567569733
21039 2.7638509273529053
27670 0.9211147427558899
7980 4.258410453796387
18193 5.995722770690918
18946 -4.143189430236816
4761 2.608541965484619
28468 0.83891761302948
9629 1.4009175300598145
978 -2.7697105407714844
21096 1.8157576322555542
19655 5.649898529052734
30301 -0.9820214509963989
16572 -2.326226234436035
3079 -2.740110397338867
6156 1.2326394319534302
948 1.56038236618042
5205 -2.7525343894958496
9031 -0.8597885370254517
20572 3.329771041870117
28940 -1.3954050540924072
5074 3.8558783531188965
28690 -2.1200051307678223
20832 1.5020461082458496
9619 -2.3252506256103516
30035 0.4675658345222473
14949 1.5039772987365723
18601 5.261682987213135
9042 0.6728509068489075
982 -2.082115650177002
18374 3.2915594577789307
18577 4.109006881713867
7626 -2.462216854095459
28052 -3.5021047592163086
4516 2.709185838699341
10123 4.402815818786621
10281 5.6478447914123535
22121 4.4552202224731445
14630 -0.6055131554603577
9172 -1.9404133558273315
29831 2.9159634113311768
4314 5.597712516784668
4036 -4.070849895477295
27913 -0.6375800371170044
25653 -0.17587631940841675
30703 -2.9798226356506348
30543 -1.153781771659851
26948 -2.882112979888916
31706 1.183750033378601
8670 3.0154483318328857
5486 -3.6202797889709473
25021 -3.3877222537994385
22578 1.7621090412139893
13259 -3.429335355758667
10452 1.6259644031524658
2635 3.1429286003112793
10023 3.6388792991638184
21454 0.8594213724136353
30790 1.6513621807098389
13274 1.7262661457061768
26028 -4.526247501373291
6152 2.7163965702056885
30940 -0.34134840965270996
16957 -2.3287081718444824
21135 1.0066473484039307
10428 4.091402530670166
26552 1.5932841300964355
21255 3.5031886100769043
1104 1.759084939956665
6045 -2.273131847381592
22650 -0.03986242413520813
24873 6.051368236541748
26967 0.2842194139957428
9701 2.1569395065307617
4579 4.4339141845703125
18981 -1.7893390655517578
12321 3.636418104171753
23395 -2.3414716720581055
1161 -1.912351131439209
25923 -1.162567138671875
15229 2.938241958618164
3119 3.5080041885375977
29249 1.4180530309677124
25927 0.6210519671440125
21460 -1.6417872905731201
22612 2.8805363178253174
6297 -3.02064847946167
22690 3.3312082290649414
1251 -2.7866933345794678
13492 -0.5644981861114502
1610 -2.5431275367736816
31643 -1.7003750801086426
5620 3.5876219272613525
26200 2.5253381729125977
2626 2.2969088554382324
4883 3.473706007003784
29981 -1.8245222568511963
11010 0.99350905418396
4880 0.8689978122711182
5770 -0.9124592542648315
31354 2.581592321395874
26243 1.1200511455535889
19633 -2.4752840995788574
25635 0.6898783445358276
12310 1.960184931755066
1373 -2.3750901222229004
9126 1.5249278545379639
23769 -2.1696033477783203
1673 2.2811222076416016
7266 2.077646017074585
15281 -0.8055559396743774
23792 5.3011155128479
22889 -0.9675102233886719
15211 2.7467451095581055
12964 0.9855990409851074
31034 2.5322186946868896
18512 2.982750415802002
9782 1.1424497365951538
2819 -1.5224120616912842
14319 2.3862626552581787
802 -3.8478903770446777
18808 1.9633451700210571
5054 -1.3834948539733887
21856 2.872098684310913
13260 4.592303276062012
18532 3.9197282791137695
29796 -0.8125877976417542
4416 3.899374008178711
26523 -1.7551023960113525
31278 4.7736406326293945
28837 -0.9773716926574707
22361 7.339015960693359
21637 0.5204505324363708
13239 1.4078363180160522
10722 -2.708975315093994
331 1.8002632856369019
30466 2.3816752433776855
3962 4.324290752410889
13655 0.9917860627174377
15676 -1.91731595993042
30322 -3.7828307151794434
1498 2.5594136714935303
24475 4.460821151733398
23184 1.829341173171997
23573 2.614473819732666
15302 -1.3028486967086792
14971 0.8090226650238037
28136 4.378048896789551
31511 0.7395085096359253
27845 1.5914053916931152
6026 2.9182066917419434
24683 -2.7038049697875977
13930 3.3729076385498047
11234 4.748695373535156
24308 0.86204993724823
1226 0.20161616802215576
10001 3.1409921646118164
27976 1.3751150369644165
21027 2.5120654106140137
9604 -3.525942325592041
2961 -3.1819591522216797
21389 -3.4236254692077637
22281 -2.0820281505584717
30853 2.0780563354492188
25870 0.6340517401695251
25246 -4.683394432067871
12044 -1.0561469793319702
13210 1.5641872882843018
24985 -0.4255713224411011
10420 -1.0161821842193604
12914 1.5159244537353516
6660 -2.02591872215271
17390 -1.641394853591919
13889 -3.1328225135803223
4717 2.0124826431274414
14041 6.603118419647217
6454 -0.6245198845863342
11943 -0.4515240490436554
529 1.4357578754425049
28214 3.5965394973754883
22420 1.3357441425323486
10002 2.069241523742676
16466 0.7052178382873535
20332 1.597332239151001
5182 5.44443416595459
14553 4.1060895919799805
22883 1.499783992767334
12314 -2.2297818660736084
28529 4.172504425048828
3996 0.7731399536132812
6935 2.843065023422241
11156 3.806243658065796
27279 4.023150444030762
24095 1.9539237022399902
13412 2.3312277793884277
24586 -0.1720510721206665
18016 2.659635305404663
6645 3.414048910140991
29565 -2.764171600341797
17363 3.1634230613708496
4597 4.05220890045166
31738 3.082305908203125
20552 2.513611078262329
19009 -3.757260322570801
12687 3.8338980674743652
28852 3.774756908416748
7297 1.782078504562378
28342 1.3322991132736206
27736 4.458301544189453
9824 3.002650260925293
21952 0.1310024857521057
29550 3.4751319885253906
1237 -1.696169137954712
25422 1.3269171714782715
11367 2.31105637550354
16120 4.134428024291992
3832 2.5677459239959717
27481 2.139401912689209
6007 1.3138811588287354
17262 -0.6161166429519653
373 1.4068918228149414
12677 -3.013512134552002
1010 2.3443431854248047
4968 0.8448082804679871
19607 -4.664351463317871
2816 -2.3410286903381348
7785 4.912835597991943
292 -1.0189651250839233
10397 -0.27706068754196167
7030 2.4692556858062744
20904 0.6013021469116211
17581 1.3742365837097168
14450 2.5555739402770996
13734 0.9457163214683533
3061 0.9359380602836609
5246 4.757473945617676
12806 1.8986001014709473
23664 2.0715177059173584
28074 -2.9619288444519043
1515 -1.8361122608184814
526 -2.866987705230713
5092 1.9668066501617432
29156 6.034122943878174
15545 -2.729668617248535
31610 -1.3102221488952637
19528 -4.360401153564453
13012 -0.5600706338882446
350 0.589707612991333
9816 1.5860004425048828
13720 -0.8778231739997864
25625 0.19903087615966797
11348 2.2327699661254883
10688 4.437952041625977
9402 0.9913723468780518
20840 1.1197144985198975
28495 2.703148126602173
12471 3.360785722732544
21286 3.572305917739868
8649 -1.6618249416351318
2258 -1.9840846061706543
30153 -1.2179673910140991
16918 2.852916717529297
10808 1.7279942035675049
27753 -1.2885950803756714
7184 2.4225921630859375
25900 3.3040924072265625
30852 1.1764286756515503
8007 -3.9010329246520996
7003 -1.286899447441101
24222 -0.0577302947640419
6251 -2.2977066040039062
12152 -1.0010688304901123
13332 0.2542131245136261
23507 -3.9792375564575195
29051 2.0834619998931885
10795 -2.580554962158203
13445 2.9314041137695312
18350 1.8862168788909912
11960 2.3195438385009766
24528 3.337643623352051
11774 -1.0882951021194458
29393 2.279327630996704
1868 1.9576072692871094
7032 -3.0534515380859375
14169 1.1421799659729004
14069 3.994938850402832
647 -3.1601390838623047
5058 0.07627233862876892
3049 4.212070465087891
770 -2.017570734024048
24460 2.873476028442383
5191 -4.252918243408203
24637 2.546505928039551
2640 -2.4901328086853027
11632 5.007328987121582
18881 2.9979300498962402
3838 4.061395168304443
3211 -2.6221811771392822
24916 0.6223635673522949
7179 -3.7169883251190186
5760 0.34466078877449036
17716 0.8655574917793274
19253 4.958683490753174
7195 2.6475110054016113
10174 -3.0852465629577637
23229 1.9662871360778809
28644 0.32389533519744873
28193 3.3734664916992188
6365 5.000790119171143
5354 0.5466040372848511
2253 4.118374347686768
21234 1.1564515829086304
12735 -1.0376709699630737
9053 -2.4345204830169678
3841 1.7998394966125488
5215 3.352464199066162
7738 -4.604662895202637
26749 2.4789938926696777
12528 2.193258047103882
19516 -2.388537883758545
19131 7.198460102081299
18654 0.8638437986373901
19943 4.442075729370117
27461 -1.1943964958190918
29862 5.970372676849365
6689 3.3751702308654785
2590 2.7408032417297363
8574 -0.4479466676712036
30966 5.497076511383057
19452 -2.871438503265381
31395 3.56581974029541
24751 -0.8846194744110107
28391 2.9573264122009277
18712 3.8697643280029297
26968 2.7668280601501465
16135 3.676966905593872
27106 -1.8594189882278442
25726 -3.4448342323303223
6783 6.376559734344482
4273 0.9163553714752197
18352 0.7043747901916504
22821 1.30808424949646
26290 1.0190383195877075
23719 2.6534082889556885
