23446 3.425482749938965
23987 0.4908064901828766
29347 1.9143152236938477
30874 3.7545433044433594
12607 0.3214204013347626
8883 2.5777604579925537
29622 -2.586911678314209
3114 -0.0943511351943016
11153 0.619114339351654
21958 1.5172653198242188
31204 -2.3577847480773926
3968 0.9674167633056641
25605 2.4093658924102783
6010 -0.9423825740814209
5211 3.313309669494629
8330 4.603548526763916
20586 -2.8061811923980713
22437 5.017524242401123
10730 0.5279356241226196
19790 -0.40216904878616333
4514 -2.994706153869629
16184 -1.8274953365325928
26582 4.17857027053833
7329 -2.414640426635742
14540 2.3041574954986572
21288 2.208545207977295
13635 1.9543156623840332
11484 0.4563860297203064
2313 1.5583491325378418
29087 0.43136388063430786
6715 6.761503219604492
21715 -2.1348981857299805
15929 2.5933279991149902
13286 -1.8031399250030518
627 -3.0554847717285156
24708 3.4779088497161865
22638 0.3460109829902649
18684 3.9582395553588867
9435 -1.2923216819763184
14787 0.16455568373203278
19609 1.7493860721588135
25175 0.7676252126693726
30989 -2.4451425075531006
11972 -0.9393321871757507
11129 -1.6734163761138916
31128 0.945046067237854
15721 -0.20960339903831482
4295 0.1572984904050827
959 5.732654571533203
10830 -0.37461480498313904
5696 -0.5768287181854248
31277 -0.7398139238357544
3129 -1.5019819736480713
17124 4.724742889404297
4634 -3.641434669494629
25950 -2.4845802783966064
5497 2.400291919708252
18056 5.723214149475098
26404 -0.2954261898994446
8319 4.00981330871582
26320 0.5825344324111938
9759 1.932347059249878
5669 1.2166149616241455
29579 0.02503618597984314
9995 -1.9696500301361084
650 0.2897903025150299
17215 -4.511919975280762
29775 -0.7840074896812439
30510 -0.2218807190656662
23872 0.9789299368858337
22907 -2.3903603553771973
6916 -3.3169925212860107
20311 -2.0240373611450195
19305 -1.2374454736709595
787 -4.717219352722168
17401 2.4774928092956543
15648 0.25022444128990173
9470 2.0523276329040527
24903 4.019520282745361
29234 7.226998805999756
21527 4.074869155883789
7955 -3.001434803009033
31296 -1.786808967590332
20108 0.896436333656311
5447 3.108922004699707
20021 0.3929848372936249
952 2.4098401069641113
3346 3.2325453758239746
31467 -1.9942564964294434
2327 -1.0303670167922974
31228 2.0954971313476562
254 -0.2593996524810791
10144 0.3585963547229767
3635 2.256507396697998
3561 4.158304691314697
16210 2.318490505218506
6205 -4.015390396118164
14394 1.2426471710205078
29261 2.3039350509643555
31715 0.4434833526611328
9482 3.395221710205078
25291 1.5133938789367676
24362 2.1107449531555176
2673 6.038013458251953
18086 -3.421602487564087
17064 0.31830233335494995
2365 -2.892310857772827
30424 5.409337997436523
17176 3.0797133445739746
31434 3.27620267868042
15234 -1.5298073291778564
1202 -3.00468111038208
8727 7.024267196655273
5201 1.3282337188720703
19588 -2.0390379428863525
24180 4.758800983428955
2421 -2.8849215507507324
12970 -2.659538507461548
3509 3.3826684951782227
1803 0.36971840262413025
23798 3.324268341064453
1778 5.943800449371338
6943 -3.7755286693573
29164 1.3758279085159302
12357 3.4119467735290527
5446 -0.5364202260971069
27358 -2.481687545776367
15230 1.2589147090911865
20621 0.9113568663597107
11537 -4.846810340881348
31503 -3.034174919128418
23874 -0.40879034996032715
26482 0.4682692587375641
16445 -0.973870038986206
17893 2.999755859375
26397 2.89312744140625
8300 1.5369551181793213
11930 2.0358242988586426
22215 2.3250679969787598
19654 1.7138142585754395
9844 0.11699198931455612
7554 2.5425119400024414
22814 2.8591718673706055
3798 2.0115325450897217
7142 -0.023915208876132965
14593 1.5477367639541626
11910 0.8961609601974487
9357 -2.4820549488067627
2862 -0.9616566300392151
27065 -1.8570771217346191
19874 5.7301225662231445
27764 1.2681355476379395
26973 3.6289615631103516
4515 -0.29314348101615906
3805 1.2678897380828857
4238 4.173892974853516
12263 -0.9187991619110107
2922 1.8269163370132446
9480 0.8126201629638672
9295 5.736184597015381
7612 3.771639108657837
17783 6.291731834411621
23333 1.4679090976715088
22175 -3.9431402683258057
7196 4.215470790863037
9426 -2.4198617935180664
4378 3.5526938438415527
18058 -2.39677095413208
7191 -1.3619685173034668
18182 6.599347114562988
9848 -2.9196743965148926
11301 2.5123372077941895
10899 0.9408788681030273
13476 0.21429409086704254
30304 -4.896136283874512
911 -0.557479977607727
29097 2.6746881008148193
31714 1.818849802017212
469 1.5873968601226807
28496 4.953218936920166
29013 -2.7311246395111084
16198 -1.4352912902832031
20525 -0.2419593185186386
29219 0.5501973032951355
10775 4.344148635864258
19612 1.8298280239105225
16406 -0.918126106262207
25759 4.33561897277832
16979 0.9896031618118286
6440 3.680666208267212
22054 1.1715059280395508
1091 2.3084447383880615
11002 0.4248090386390686
10712 -3.473982095718384
23519 4.23872184753418
4105 -0.8879343271255493
29860 3.378387451171875
26366 3.1805717945098877
29611 -1.6846323013305664
2386 2.7777915000915527
22286 -1.6178326606750488
9381 3.199632167816162
16555 -1.0099972486495972
23208 0.10971982777118683
21463 -2.19087815284729
10105 2.0090107917785645
5072 2.5926315784454346
7591 -1.5567371845245361
23220 -0.16687336564064026
8426 -1.6201342344284058
7930 1.2555619478225708
29469 1.5655678510665894
29809 -3.2656219005584717
27394 2.7549333572387695
1321 -2.590019702911377
13508 -0.26238471269607544
8318 2.444685220718384
16915 -0.5316795110702515
22242 3.566826343536377
10894 2.3315486907958984
3801 4.9972662925720215
13384 -0.5033659934997559
5695 -2.0404820442199707
25276 3.4593887329101562
7690 -0.685617208480835
26242 2.684246063232422
490 -1.8027042150497437
19730 1.8418474197387695
3685 3.655390739440918
17914 2.322239875793457
13654 0.7276260852813721
3089 -1.540543556213379
23796 0.7893428206443787
5269 -0.6585908532142639
18874 -2.520294666290283
10189 -2.7331340312957764
29224 0.5977408289909363
26351 4.050719261169434
26725 1.4453935623168945
9863 2.944267749786377
26631 3.8258354663848877
28354 0.2741185128688812
12531 -1.727503776550293
1259 5.900221824645996
30967 3.178697109222412
21145 2.2787723541259766
29166 -2.2942800521850586
13682 2.479663372039795
12968 -1.5526196956634521
25299 1.3894219398498535
10030 1.0314230918884277
28163 3.0412697792053223
6398 -1.243655800819397
6243 1.9506175518035889
3713 -3.522730588912964
18522 4.933170795440674
28336 -1.4748766422271729
4329 -0.4053663909435272
6266 1.2147122621536255
12275 -2.1646392345428467
27138 4.133054256439209
15389 1.4692177772521973
26321 2.920405864715576
15387 -2.176771402359009
30342 3.754931926727295
10777 2.771790027618408
16099 0.1771317571401596
24483 5.364514350891113
19037 3.1019630432128906
15850 -1.549333095550537
23801 3.4086804389953613
30627 3.3292293548583984
3740 1.884671926498413
28276 -2.918020248413086
11036 2.1912527084350586
20438 0.09606152027845383
21686 4.233890533447266
11254 1.4631047248840332
30978 4.462875843048096
8291 1.7024431228637695
31327 0.5754609107971191
26455 -1.1014409065246582
6324 3.537677764892578
12154 -0.6234409213066101
7717 -1.7289843559265137
21748 1.2200899124145508
15340 -2.13120698928833
18498 4.947139739990234
12785 1.8079818487167358
7225 -0.4256399869918823
25556 4.029407978057861
22429 1.4554080963134766
21078 8.347458839416504
26503 5.095938682556152
15469 4.2268385887146
21688 -2.957447052001953
26435 2.2831828594207764
14381 0.9601748585700989
29422 5.109469890594482
12805 5.932642936706543
21607 -0.3064756989479065
16005 3.4382681846618652
29590 1.2228083610534668
17834 0.9139577150344849
6474 2.5342514514923096
12573 -2.798482894897461
21282 -0.12396568804979324
13060 4.882059097290039
9979 1.0897748470306396
12301 -0.40359076857566833
13374 4.479663848876953
1745 5.009101867675781
11448 0.30926406383514404
23394 -1.2301558256149292
1662 0.387408584356308
20308 0.08964177966117859
26235 3.3261733055114746
30205 0.31263941526412964
8131 3.336088180541992
4728 1.9296529293060303
30004 -1.8971707820892334
22624 -1.4079043865203857
16780 5.44438362121582
1768 -1.7281131744384766
201 -0.8167334794998169
157 -0.17048977315425873
28809 -2.610029697418213
31671 2.8052172660827637
10539 1.992401361465454
10029 -2.7589504718780518
26390 3.5702261924743652
25501 -1.0902272462844849
30099 0.08034797012805939
28865 -0.08835756778717041
12016 -2.8832552433013916
1341 2.1219985485076904
3290 3.185105323791504
1395 2.7106213569641113
10122 0.0032088756561279297
3997 -0.5302634239196777
14994 1.404205560684204
4616 5.153704643249512
28425 4.352943420410156
25938 -2.375748634338379
13772 5.291078090667725
24473 0.11822755634784698
25980 -3.370166301727295
21759 -0.631142795085907
24262 0.06530720740556717
1774 0.5827620029449463
19574 2.0312983989715576
16598 3.6995785236358643
675 2.5830368995666504
26765 -0.25446760654449463
5467 -3.120016574859619
3237 -1.6178758144378662
28069 0.10111919045448303
1863 -2.237828493118286
18674 0.5023643374443054
3749 3.226365566253662
24605 -0.8959506750106812
27006 1.830453872680664
2696 5.043914318084717
15650 1.872970461845398
113 3.1549549102783203
25196 -0.5877196192741394
3262 -5.264589786529541
27912 -0.16217967867851257
9218 -4.082560062408447
12776 4.921456336975098
12997 -0.7233504056930542
6960 2.2646260261535645
1517 -1.5500645637512207
22125 -2.4195377826690674
21940 -0.7350539565086365
10973 6.136119842529297
8632 3.1244516372680664
24299 2.3718128204345703
30875 0.9729583263397217
36 3.2933549880981445
10844 -0.7147418260574341
9716 -1.5787370204925537
8566 -2.397897243499756
23503 -1.7079895734786987
24515 -0.013370051980018616
20345 3.5417470932006836
19856 0.2716200649738312
1842 3.425992488861084
15323 4.457724571228027
1584 1.0290290117263794
5155 2.615285634994507
6095 1.627004623413086
56 4.204073429107666
2154 -1.1343507766723633
28366 -3.996722936630249
30501 -3.9104514122009277
29643 -1.523024320602417
19847 -1.6136722564697266
25889 -1.287205696105957
8170 -0.9827980995178223
18238 6.448089122772217
2152 -0.9176194071769714
31776 4.958303928375244
24610 -1.3007397651672363
27714 3.527707576751709
12018 -1.6449110507965088
23539 2.054588556289673
15041 3.407119035720825
7760 0.98838210105896
9956 1.6942369937896729
17088 2.0412659645080566
25064 -0.2111489176750183
10834 0.8998398780822754
29265 -1.7986010313034058
5906 0.279162734746933
28093 -1.844519853591919
21944 -0.05411975830793381
8731 -1.0766656398773193
13564 7.037583351135254
1526 0.7344623804092407
7198 4.225371360778809
8838 -1.1115394830703735
23971 -1.1062521934509277
28917 2.3204054832458496
17295 -0.879100501537323
5682 3.2434630393981934
28408 1.513048529624939
8750 1.0479775667190552
21594 5.822853088378906
1208 -0.10446244478225708
17474 1.91973876953125
18632 1.0647151470184326
16735 2.8426475524902344
19809 -0.7517603635787964
26256 1.628058671951294
19011 -0.4209744930267334
1657 4.672816753387451
16999 -1.448668360710144
5316 -1.7535182237625122
28929 3.382230758666992
25787 1.4269194602966309
26915 1.844518780708313
2341 -0.1117732897400856
19738 1.9966063499450684
6921 2.487226963043213
16335 4.544562339782715
757 2.7635064125061035
17601 1.1398437023162842
16879 1.936354398727417
9902 0.8704039454460144
143 2.0361807346343994
13681 1.785881757736206
4751 -1.1856013536453247
222 1.8188059329986572
6856 -3.542117118835449
16046 -3.1792430877685547
11668 5.540116310119629
20132 2.021421194076538
8955 1.9443296194076538
2279 -2.833972692489624
13573 2.7291741371154785
20477 -1.0882655382156372
8742 2.690681219100952
24676 4.336658477783203
6385 -0.8597645163536072
19296 2.2548952102661133
5225 5.446460723876953
12875 -0.4146251082420349
15440 0.6448078155517578
27588 -1.8467226028442383
22785 3.0970163345336914
13127 -1.9068174362182617
25446 4.097763538360596
26206 1.8891165256500244
19626 2.298419237136841
31108 5.089495658874512
18603 -2.5592663288116455
3911 -0.23149456083774567
5997 0.3137432038784027
15167 0.9961156845092773
7802 6.04184627532959
25585 6.99617862701416
4732 3.10044002532959
31453 3.439044952392578
4798 -0.27401605248451233
22779 0.31347253918647766
5857 1.583056926727295
10627 1.3046178817749023
1316 -2.0107789039611816
183 1.4382001161575317
5349 3.111013650894165
31322 1.9800845384597778
22523 1.3550238609313965
2836 -1.2633261680603027
620 2.5325934886932373
15139 4.700787544250488
3672 -1.6106541156768799
14430 3.4488844871520996
6992 -0.5100655555725098
13920 3.332937717437744
23045 2.7625224590301514
16841 -2.5690462589263916
11445 2.7068300247192383
18464 5.638520240783691
9359 3.485495090484619
17881 1.2855706214904785
8934 -0.8535239696502686
25232 -0.3350086212158203
1492 3.421274185180664
3058 -1.362793207168579
5636 1.727970838546753
28110 0.008678711950778961
12483 2.871255397796631
6586 5.232329368591309
18556 -0.8794976472854614
13344 -0.007089264690876007
8418 -1.67752206325531
3437 -0.20752422511577606
19646 -1.655771017074585
14096 -1.6229394674301147
20752 -0.1871000975370407
2115 1.0809476375579834
16872 -0.8451646566390991
9096 -0.8182920813560486
22224 2.7985804080963135
18970 -2.6165876388549805
19636 2.3790431022644043
288 -0.6036025285720825
28322 2.490670680999756
10734 4.700445175170898
12359 4.60272216796875
16281 5.59000301361084
26172 -1.3853706121444702
20821 2.092541217803955
8590 -1.8573708534240723
1618 0.3261915147304535
12565 -2.484236478805542
21496 -2.308582305908203
17923 -1.0582504272460938
24944 -2.469374179840088
21217 1.7403035163879395
298 2.470238447189331
20187 3.032191038131714
21329 1.1833276748657227
26129 3.130441904067993
22526 -2.2060959339141846
7692 -1.255638837814331
21922 0.9388383030891418
24060 -1.8213340044021606
979 -2.297030210494995
26018 2.195864200592041
2009 1.6088638305664062
16414 2.0718212127685547
14673 0.4817578196525574
19558 2.4781596660614014
11561 -1.418344259262085
21479 0.27005264163017273
8841 -1.0716137886047363
15803 -2.3672308921813965
6420 -1.0797511339187622
22458 3.58347225189209
23878 -0.07064859569072723
13698 -2.7787513732910156
25506 -0.7172540426254272
24619 3.151495933532715
9662 1.7277305126190186
8374 -0.17772556841373444
19889 2.8125123977661133
11518 -1.0059975385665894
4481 -2.973109483718872
4987 -1.4919078350067139
2605 3.4503583908081055
13485 -1.3838810920715332
18790 3.8111979961395264
25269 -1.9632576704025269
20006 3.087728977203369
27149 -0.861336350440979
23093 2.99729585647583
10302 -1.0802407264709473
3532 2.626896381378174
316 0.9598795175552368
25284 1.7828282117843628
11645 5.438246726989746
13110 -3.697202205657959
30982 2.736936092376709
19157 -1.3469643592834473
10388 3.3099329471588135
11047 4.284573078155518
12061 2.9928841590881348
1665 2.7843165397644043
22848 -0.7618198394775391
3645 3.523754119873047
30660 0.6737271547317505
15077 -0.4008994996547699
4414 2.845074415206909
2775 0.19421149790287018
16772 2.5952816009521484
2932 -3.6319892406463623
8754 -1.147810697555542
25754 -0.2926577627658844
12021 -0.11711045354604721
1471 1.7429612874984741
20591 0.38184016942977905
14056 4.533541202545166
26100 3.5460116863250732
8038 0.5572804808616638
6271 -3.2861859798431396
16035 2.05145263671875
24986 -0.2890866994857788
4438 1.078603744506836
12449 -2.827644109725952
9130 -1.4506818056106567
22581 -0.34737226366996765
3080 2.722384452819824
10630 -0.3852446973323822
12701 3.5912275314331055
4214 4.013521671295166
23954 1.2541604042053223
14852 3.261502742767334
11750 3.66666841506958
31471 2.055588722229004
4569 0.5875691771507263
15066 -2.6339707374572754
1910 -0.11992526799440384
28540 0.7163146734237671
11954 2.562122344970703
28643 1.5079981088638306
17539 -2.009530544281006
24497 -1.506103277206421
21687 -1.7432632446289062
8664 3.2270169258117676
19389 -1.5492587089538574
10763 2.386045455932617
20680 2.8252758979797363
12239 -2.0093913078308105
12822 -0.2914346754550934
11166 -0.10856929421424866
4493 -0.749143123626709
15265 1.206557273864746
17940 -4.244658470153809
23486 1.0666499137878418
19729 -3.0316271781921387
19204 -0.4883810877799988
22102 -1.3657947778701782
4753 2.9238734245300293
31560 -2.739457607269287
22424 3.422245740890503
18303 -0.35450318455696106
4084 -4.142187595367432
2194 2.1622636318206787
27150 2.118048906326294
9774 1.4181764125823975
9657 3.2220396995544434
23513 4.785773277282715
9420 -0.6821629405021667
25875 0.628064751625061
5524 4.43264102935791
31175 -1.1729669570922852
1899 1.135028600692749
1758 3.780223846435547
5097 0.9467671513557434
3748 -3.2892746925354004
28332 -0.44571489095687866
15521 2.5046772956848145
2079 2.30297589302063
3406 2.06441068649292
7691 2.193247079849243
9192 2.463768482208252
894 4.837827682495117
899 3.9052200317382812
5737 1.804978609085083
18857 -0.2244102656841278
18213 -1.5184845924377441
2168 0.08836434781551361
10686 4.065476894378662
26418 0.621067464351654
16015 1.3013103008270264
13230 -2.0914816856384277
18162 -1.600250244140625
2479 0.9578677415847778
31183 -2.2576956748962402
9443 0.21386820077896118
723 -0.49473434686660767
7784 -2.6028623580932617
28549 4.706968784332275
15200 -1.8205170631408691
4854 3.541201591491699
10933 1.7311885356903076
22094 3.1046996116638184
5231 2.466749668121338
30945 3.313453197479248
28055 -2.6025547981262207
28006 -0.15286096930503845
19670 5.622405529022217
7047 0.7164223194122314
5498 4.14015007019043
26342 0.47101202607154846
9592 -2.574601650238037
970 -1.017953872680664
21685 -3.9274024963378906
23635 0.0928567573428154
931 4.381173133850098
21717 2.349750518798828
25020 1.7672162055969238
27405 4.254371643066406
12079 -4.770358562469482
15333 -0.8627690672874451
24926 2.6651272773742676
16019 -2.2550199031829834
26221 2.4223523139953613
25443 -0.434484601020813
8877 -1.560056209564209
28707 -0.9883745908737183
9325 -2.4212427139282227
7661 -3.562516212463379
6377 1.4765212535858154
4603 -0.8508167266845703
7837 3.9343512058258057
28166 5.472245216369629
10610 -1.3828041553497314
24274 1.3098565340042114
6368 2.7776501178741455
9256 1.4664971828460693
10384 1.7309842109680176
21356 -1.2076823711395264
21897 -0.0686299279332161
667 0.3926364481449127
9811 2.0071163177490234
14576 3.0581629276275635
633 -2.8364503383636475
12676 -1.5047886371612549
9230 0.3610583245754242
19828 -1.8004108667373657
15114 -1.882820963859558
25113 1.0294950008392334
15400 -0.43460357189178467
19801 3.9453158378601074
22204 -4.026707649230957
31011 5.071032524108887
3473 -1.4187625646591187
31492 -1.456850290298462
25079 -0.5250869393348694
15053 4.241955757141113
28054 1.436224102973938
14279 1.2441966533660889
29834 3.339475154876709
23867 3.724022626876831
29106 -0.9677395820617676
7055 2.027960777282715
20934 -1.9208650588989258
8749 1.0287915468215942
3167 2.154242992401123
2708 -4.036657333374023
8456 -0.24027317762374878
19896 -2.545307159423828
24861 -0.0028180107474327087
8803 -3.2402167320251465
18550 4.807130336761475
16479 -2.4872777462005615
22309 3.7212579250335693
14304 4.005393028259277
28218 2.0541114807128906
31260 3.822526216506958
21264 -3.9533658027648926
18492 -1.3501856327056885
30451 4.891085147857666
8710 -1.3162323236465454
16283 -0.5375008583068848
30818 6.78822135925293
9012 -1.0426141023635864
18362 -2.1716785430908203
3598 1.8753044605255127
30268 6.546771049499512
7056 -3.2558646202087402
26593 2.3148412704467773
3545 0.5069028735160828
3301 -1.1215442419052124
11786 3.369823694229126
24401 3.1555681228637695
13042 4.83957576751709
27046 4.675576686859131
20062 -0.23253825306892395
13190 0.124510258436203
14485 -0.8500573635101318
6667 -0.6165725588798523
25313 -0.27733996510505676
10522 0.14527618885040283
18411 0.45614272356033325
20166 0.28403475880622864
7331 4.699893951416016
10520 0.1506521850824356
3611 4.6938629150390625
27067 0.5441263318061829
1793 0.5410799384117126
21279 -0.0931757241487503
18204 0.7462061643600464
6149 2.9091598987579346
8411 1.0270180702209473
8140 2.5283870697021484
6976 -1.2491137981414795
19942 -1.5117216110229492
355 0.9285932779312134
24830 1.660475492477417
23883 1.9577794075012207
24622 2.8907337188720703
19206 0.6739010214805603
19159 1.6321933269500732
21849 3.0128393173217773
24332 -1.9548990726470947
7829 0.5216862559318542
19623 3.587158203125
25643 -2.986766815185547
6587 -1.1278746128082275
6819 4.781834602355957
16938 -2.6887850761413574
6063 2.791409492492676
19094 2.7863926887512207
25001 0.3250260353088379
15040 2.3937768936157227
2498 3.831627368927002
21335 -0.18217813968658447
13885 -2.7627384662628174
5714 -0.09967061877250671
20074 5.302619934082031
27628 1.4656753540039062
21786 2.5697946548461914
10554 2.459005355834961
9723 -3.623351573944092
9969 2.2178471088409424
579 -1.3609222173690796
6718 -1.0588680505752563
9311 -2.1945745944976807
9508 3.2803454399108887
30315 4.537052631378174
29674 1.6044387817382812
25365 -2.187206506729126
12737 -3.1763172149658203
11298 3.6993885040283203
15964 -2.5744786262512207
15860 0.29364514350891113
27237 3.5865931510925293
20854 1.7733341455459595
10299 3.0156712532043457
18583 -3.3827362060546875
24767 2.4455671310424805
15603 1.3065353631973267
9718 2.815361499786377
17050 2.3861069679260254
16002 1.6940886974334717
4348 1.7571070194244385
20219 3.0261716842651367
10705 1.2244913578033447
17402 -1.8026306629180908
24777 1.0520236492156982
2057 2.5534369945526123
15454 -1.7421469688415527
20424 0.42194002866744995
21601 4.397820472717285
18223 -0.6536314487457275
24351 2.8935718536376953
28089 -2.237581729888916
26026 -0.1422577053308487
5832 3.705089569091797
31100 -2.3272104263305664
20626 1.5752222537994385
10947 4.321659088134766
22146 -2.2642319202423096
27113 0.7837826013565063
15269 5.385531425476074
3261 1.4166433811187744
25221 -0.9785143136978149
29181 -2.7558400630950928
8604 0.18195977807044983
26848 3.733628511428833
24090 -3.088742733001709
13205 2.4681825637817383
20141 5.221199035644531
24316 -1.8136260509490967
8042 0.1616620570421219
2776 1.9960849285125732
5786 0.1135282814502716
19653 -0.4174366891384125
20279 -3.4699697494506836
29718 0.24943697452545166
9612 1.8020663261413574
26259 1.4368226528167725
2959 -0.43738850951194763
15862 -1.0050698518753052
22353 -2.867511749267578
22840 -0.7780182361602783
22858 -2.6021175384521484
24478 2.7322583198547363
11274 2.02761173248291
11122 4.285759449005127
26488 3.836092710494995
1872 -3.7469139099121094
1387 5.344106674194336
13487 -1.985891342163086
206 1.6734559535980225
22439 -1.580972671508789
12746 -2.791436195373535
15433 0.5121421217918396
30036 0.7828648090362549
27392 -2.023163318634033
16592 0.29711687564849854
8014 5.286920547485352
271 -3.2365331649780273
8485 4.60183048248291
2973 0.09681915491819382
3563 -3.04950213432312
25145 1.2791314125061035
22196 -1.0946093797683716
16603 3.216315269470215
14599 3.5343289375305176
26638 4.387225151062012
3502 -0.15643659234046936
9147 -1.6065980195999146
5963 1.1237757205963135
27646 3.40769624710083
21380 1.7677178382873535
22061 1.2993266582489014
11994 2.6221203804016113
18131 0.26264119148254395
7378 2.149444103240967
14731 2.71535325050354
20647 4.745447635650635
10563 -1.6712336540222168
25610 -1.1974475383758545
16679 -0.2773827910423279
22059 1.3432178497314453
30136 3.722970962524414
5653 -0.5302459001541138
11979 2.0312387943267822
23828 4.813474655151367
24278 -2.0919852256774902
22032 -0.5348587036132812
10057 2.4798176288604736
22509 0.007629960775375366
28527 1.06776762008667
6688 1.577916145324707
19226 -0.341103196144104
31020 -2.808846950531006
20242 -0.8208150863647461
2944 -4.200120449066162
20071 3.0264761447906494
27423 -2.765254020690918
11505 2.646923542022705
17384 -1.358019471168518
1014 -0.5835742950439453
22954 -1.3032567501068115
25099 7.323625564575195
21222 0.04268611967563629
23785 0.8966330289840698
16169 1.1868903636932373
5423 1.2155287265777588
29288 -2.8293724060058594
4107 -2.6816766262054443
7167 1.5614571571350098
21913 1.6394634246826172
15890 -1.916704773902893
8776 -0.015717625617980957
53 0.4688969552516937
8277 -2.916302442550659
24168 3.014678478240967
15924 -2.3533802032470703
28595 -3.5155534744262695
12543 3.6887688636779785
12990 2.3865528106689453
29917 -0.251224160194397
12689 2.765340566635132
3201 -2.1741976737976074
17781 -4.10931396484375
14346 2.315556526184082
23753 -3.9698729515075684
5477 6.966268062591553
1002 3.0715954303741455
23521 -0.9187368750572205
11638 -0.17459474503993988
30425 -1.6201858520507812
18210 -2.7027060985565186
5898 -2.7245421409606934
21789 3.276675224304199
1238 2.638244390487671
26385 2.560065269470215
13277 2.4710066318511963
17498 -1.7600107192993164
18771 5.089414596557617
22516 1.0839524269104004
10486 -1.4973633289337158
12695 -2.254108428955078
30635 2.0916852951049805
6364 3.815422773361206
31647 1.0406591892242432
7438 1.1446750164031982
5449 0.6253540515899658
15779 1.659843921661377
16238 3.658198833465576
15224 3.1728224754333496
20529 5.64902400970459
10239 0.739869236946106
20829 -2.402304172515869
2311 -0.17409451305866241
19332 0.448208212852478
8497 0.6880879998207092
28125 1.3164873123168945
13937 5.465252876281738
17261 -1.1181412935256958
1095 -1.6822768449783325
14901 4.027154922485352
22895 2.0369324684143066
24682 0.880558967590332
15064 -2.643914222717285
16585 5.058749198913574
23365 -0.7261672616004944
9874 3.7903552055358887
23159 -1.304420828819275
11284 -1.4681339263916016
7025 4.938677787780762
16510 -0.45058345794677734
6072 2.8214123249053955
15705 -1.2141616344451904
19127 1.3987674713134766
5862 2.306392192840576
22120 -0.08392021059989929
13212 1.093377709388733
25177 -3.6222126483917236
19030 -1.3139433860778809
27426 3.0400195121765137
5001 1.8404123783111572
17081 3.753566026687622
27557 -1.4868624210357666
14421 1.527665615081787
7349 3.5433754920959473
8678 -2.358755111694336
12899 3.393324613571167
11269 0.3588329553604126
5905 2.5492944717407227
9035 0.8491737842559814
22625 -4.381256103515625
20316 0.4344821274280548
14951 4.234992027282715
3623 5.083355903625488
9128 1.6716339588165283
8684 -1.6780333518981934
7581 -2.6645054817199707
18108 1.768101692199707
7440 1.0728003978729248
23996 0.26186954975128174
30060 -1.4996380805969238
15320 -2.5881168842315674
10247 0.6119379997253418
10748 -1.2752437591552734
28905 -0.09726226329803467
25876 2.9764304161071777
19789 2.2901248931884766
21301 2.277998208999634
13838 2.598285675048828
25425 -3.9435648918151855
22818 -1.298730492591858
19914 -1.5868949890136719
16860 0.9618855714797974
24164 2.2017245292663574
15520 0.07363153249025345
22491 0.4355233311653137
2510 -1.5931954383850098
1591 2.9250988960266113
2288 5.094092845916748
18346 2.656961441040039
18519 -0.13011589646339417
1879 -0.8327153921127319
3177 2.7754926681518555
11281 0.2580161392688751
25424 4.820718288421631
28680 1.9750418663024902
27441 2.328645706176758
18150 -2.30899715423584
27378 2.790712833404541
24907 0.7456958293914795
9016 -3.49994158744812
6371 -2.875563621520996
8828 -0.5918968319892883
28195 4.8600687980651855
3385 5.584577560424805
13316 7.2729597091674805
12438 0.9245890974998474
2827 1.376520037651062
15658 -3.6863203048706055
15005 -2.632946014404297
15975 1.4033479690551758
19529 1.9157323837280273
23234 -1.499833583831787
2131 1.151967167854309
10175 2.687650680541992
2080 2.2467055320739746
9094 4.262149810791016
23342 -2.2889976501464844
22088 -2.335752010345459
31227 4.347345352172852
15245 -3.848963975906372
20802 2.6979165077209473
30470 -3.244048833847046
17073 1.8088634014129639
2536 -1.9463250637054443
3872 3.0626282691955566
9393 -2.127535343170166
22315 -4.014866352081299
1308 -1.7188494205474854
9412 -0.26679906249046326
23619 -2.23246169090271
7992 4.711869239807129
17675 1.2512586116790771
21086 -0.8069339990615845
31301 2.1200594902038574
2031 -0.11806480586528778
4742 3.533252239227295
19173 2.179436683654785
2316 7.018212795257568
12702 1.291222333908081
19658 2.780648708343506
24918 1.5253828763961792
24122 4.891862392425537
9477 -2.1559395790100098
7067 -0.7117743492126465
17277 6.4338202476501465
5262 -0.8133213520050049
30313 -0.2887670397758484
31237 0.9897259473800659
1702 -0.4619653820991516
28995 2.0722193717956543
17739 2.2441153526306152
20252 3.5617425441741943
22040 -0.6322497725486755
4824 -0.011021852493286133
277 -1.0037602186203003
6313 -0.20104406774044037
3007 -3.156639575958252
16833 1.8221100568771362
29485 -2.2014644145965576
25914 -1.5819861888885498
10706 1.808016300201416
10168 -0.794686496257782
4347 3.3496651649475098
19074 1.5132625102996826
19717 1.1584538221359253
10619 -3.6558218002319336
26902 -2.98946475982666
11800 -0.42381715774536133
23583 0.6802135109901428
140 3.3485469818115234
677 0.4105810821056366
23252 -0.9386395215988159
10519 0.5205333232879639
25975 -2.7758426666259766
10590 0.6510018110275269
30958 -1.131844401359558
27528 -0.6980410814285278
19480 3.999831199645996
28718 2.932070255279541
18152 6.354262828826904
27039 3.941378116607666
22322 1.5163087844848633
10505 5.036891937255859
994 1.8134980201721191
19017 -1.9372135400772095
16323 -0.1549350768327713
19554 -0.45302850008010864
4495 0.2469988465309143
5635 -2.231977701187134
22962 1.9130022525787354
26257 3.4106602668762207
25631 -1.0457203388214111
17338 0.503996729850769
31331 -1.5286693572998047
9819 1.5685899257659912
11026 0.5922808647155762
26935 -1.8225584030151367
15724 6.072505950927734
6563 -3.3053717613220215
17772 -1.6610972881317139
2880 -2.8300716876983643
14818 -2.0426669120788574
22801 2.718154191970825
962 2.3934383392333984
22852 -1.3039774894714355
23949 -0.5741086006164551
26790 1.3246371746063232
18306 0.3613303005695343
30040 -0.8151885271072388
16852 6.216988563537598
18976 2.0693891048431396
19892 1.967321753501892
21691 -2.294954299926758
13810 -4.335836410522461
14020 3.27047061920166
27840 4.249837398529053
12628 -2.5706894397735596
3078 -0.32077735662460327
7295 -3.124227285385132
15699 5.685593605041504
10070 -4.250341415405273
25305 -0.2281355857849121
21117 0.6808153390884399
6376 0.7925018668174744
26304 -0.12208310514688492
6439 -1.9449349641799927
8682 2.9011783599853516
22313 3.841275691986084
29434 1.2130205631256104
30270 1.711634635925293
1521 -1.7248756885528564
2436 3.066279411315918
2109 1.4734301567077637
10043 -4.057544708251953
9850 1.5943477153778076
9999 0.9260294437408447
14715 -2.4509551525115967
2216 2.4204158782958984
4706 1.1596143245697021
18681 -2.5258374214172363
25571 -1.2739717960357666
22116 -3.6633849143981934
24054 -0.27199164032936096
9423 -1.0102717876434326
4920 -0.43499863147735596
12053 -3.167966365814209
26425 1.4435746669769287
28044 -2.394537925720215
30649 7.402677536010742
23729 5.699251174926758
1194 -0.5040878057479858
5000 3.3740124702453613
13193 -0.20625312626361847
720 -0.01062551885843277
9542 2.930387020111084
31276 -1.4380314350128174
1783 -1.7318015098571777
3978 1.8286981582641602
2979 -2.379059314727783
17306 3.1318001747131348
14680 0.9899361729621887
10375 0.2738508880138397
3132 1.7581568956375122
692 -0.17359402775764465
9466 -1.4048048257827759
18779 1.287550687789917
31157 1.032452940940857
17731 -0.005986660718917847
13871 4.928182601928711
1076 2.81234073638916
1829 2.3151192665100098
16001 -2.7906274795532227
9380 1.652583360671997
10954 -3.2816317081451416
27245 -2.419149875640869
11770 3.772517442703247
7248 -4.440744400024414
29262 0.42962953448295593
3654 -1.693526029586792
12414 4.7168426513671875
26416 -0.7852075099945068
27579 3.471346855163574
18515 1.6662886142730713
13333 5.441174507141113
10864 3.1636877059936523
6165 0.7244721055030823
1481 -1.83905029296875
30386 2.4263880252838135
3254 0.24794866144657135
16991 -4.43853759765625
23164 4.073009967803955
3084 -1.186222791671753
14871 -1.4459260702133179
27076 0.6453099846839905
6222 -1.4165277481079102
28311 2.2135939598083496
21232 -4.238086700439453
7485 1.624453067779541
22110 0.4648994505405426
24193 -2.2267847061157227
20693 -1.7909730672836304
6741 0.7795974016189575
28909 5.074178218841553
13904 1.3659470081329346
24013 -1.6554834842681885
30503 3.86506724357605
6187 4.366220474243164
16447 1.303730845451355
11171 -2.5113396644592285
12579 -1.2894384860992432
16908 4.298583507537842
5745 2.498894214630127
21582 -0.4714928865432739
28557 -1.091815710067749
13882 0.6930829286575317
4298 2.9214515686035156
24442 1.1564788818359375
1977 5.414185047149658
13315 -2.405573844909668
26869 3.6006884574890137
17157 0.11574593931436539
3195 1.7832703590393066
11398 0.9871026277542114
9770 -2.928734302520752
18841 5.871026039123535
9828 -2.582883834838867
7743 5.260098457336426
5055 3.2210335731506348
1276 2.3584465980529785
20428 0.10871925950050354
23703 -3.109572172164917
17622 -3.411190986633301
26113 -2.4588496685028076
19394 1.0906798839569092
14756 -2.7193779945373535
18657 -2.8905792236328125
21862 -0.5577876567840576
13354 -1.0524816513061523
9032 3.656205177307129
5551 -2.563878059387207
27545 2.521904468536377
10471 1.6832387447357178
14653 0.7300368547439575
6140 2.772048234939575
390 1.048294186592102
15492 3.7366414070129395
17328 -3.132701873779297
8081 2.4872078895568848
30588 4.940711975097656
20531 3.813810110092163
16551 -2.370029926300049
407 4.684666633605957
9540 -1.7455594539642334
19954 3.751408576965332
24139 1.6554641723632812
1811 -0.7452092170715332
29290 1.8535454273223877
30357 -1.3686981201171875
2768 2.384223699569702
17313 3.8316972255706787
22900 0.7810981273651123
31311 -2.3392739295959473
9377 -2.4610097408294678
10523 -1.9161475896835327
10273 -1.3331992626190186
15580 -0.5699971914291382
30969 -0.5294781923294067
19168 -1.906494379043579
477 0.6006608009338379
3359 1.8968489170074463
8831 0.197992205619812
5418 1.7492902278900146
12756 -0.6978489756584167
897 0.41222286224365234
10527 2.0003814697265625
7636 -3.4678430557250977
29854 -0.31767940521240234
1445 1.5278773307800293
16145 -2.2956442832946777
21327 -1.0933271646499634
30370 -2.6745967864990234
17044 3.307516574859619
7535 3.4668636322021484
21967 2.620817184448242
25798 3.007481336593628
3471 -2.9110312461853027
14064 -4.323192119598389
23657 3.106605052947998
17519 1.7354364395141602
13188 -2.6215012073516846
12361 6.2708964347839355
27836 0.2905842661857605
18818 -1.2211817502975464
23706 -0.7454054355621338
29687 1.3873329162597656
18600 -1.3211984634399414
20766 2.4811971187591553
218 5.584157943725586
26852 1.6236916780471802
17513 -1.810340404510498
6712 -2.0659890174865723
10512 1.089377999305725
30282 -1.2757031917572021
18965 -1.8682546615600586
16075 -2.3135950565338135
10414 -1.5362296104431152
19029 5.488314628601074
2460 2.1065514087677
18975 1.7288353443145752
18545 3.6648497581481934
7865 3.856935977935791
12651 -0.07983563840389252
9243 4.043169021606445
14496 1.6168363094329834
16227 5.628446578979492
13710 -2.51169490814209
21880 3.952479124069214
19782 -1.5996789932250977
18846 2.33467435836792
537 -2.4395482540130615
14079 5.027064800262451
17197 3.2720372676849365
5913 -1.682870864868164
25457 -2.2167301177978516
14543 3.0878608226776123
3245 2.614001989364624
19955 1.2280633449554443
16122 2.403895854949951
23389 4.073612213134766
26477 1.7725343704223633
3482 3.8988490104675293
29027 -1.1190135478973389
915 3.408022165298462
27842 -2.8019213676452637
19325 6.443463325500488
20356 -0.5280342102050781
28314 -1.5940169095993042
26032 -0.3784562349319458
9595 0.4398003816604614
17989 2.0459401607513428
19676 -2.0732526779174805
6632 -2.4490232467651367
13938 0.27406561374664307
24263 -3.145709991455078
13820 -1.2985732555389404
15788 5.345667839050293
27445 3.8739395141601562
21154 -2.425973653793335
23958 -1.5761477947235107
6666 -1.430710792541504
8234 3.617184638977051
27962 0.2244327962398529
19054 -1.1084381341934204
3485 -0.15367932617664337
19004 3.193650722503662
4003 4.845940589904785
24531 -0.7145496010780334
6569 3.9199459552764893
22259 6.125595569610596
26578 0.9047828316688538
20671 -0.08626668155193329
10974 2.5103588104248047
18661 -3.543091297149658
5235 0.5924543142318726
13754 -0.8197624683380127
13102 -1.507413387298584
23048 4.181720733642578
2765 -3.269108772277832
23904 -0.14423754811286926
13779 -2.155787706375122
28304 0.9518131017684937
11949 -0.0947221890091896
8090 -2.2075843811035156
27831 1.8613522052764893
14685 -0.8115664720535278
3086 -4.137601852416992
24225 2.6665425300598145
19868 1.3452789783477783
12979 3.4230856895446777
27207 6.2397565841674805
21349 -2.540623664855957
19243 -3.235360622406006
1370 5.545246124267578
16450 -1.8274338245391846
31581 3.314304828643799
29349 -1.4438989162445068
21249 -4.837106704711914
834 -3.15348744392395
3833 -1.9410879611968994
31524 -3.560722589492798
23557 2.6606922149658203
9943 2.3950417041778564
25213 -1.4933764934539795
12304 3.88777494430542
11998 0.007879309356212616
4282 -1.8003147840499878
24399 -2.438620090484619
12461 -1.24396550655365
22482 -0.23755429685115814
29704 -0.9213390350341797
10352 -0.6468260884284973
21997 3.301149845123291
25324 -2.792797327041626
3265 -2.150380849838257
31288 0.9281600117683411
27937 0.48282745480537415
19359 -3.6961498260498047
14867 -3.059058427810669
27553 0.23145702481269836
14128 0.1146739274263382
18101 5.744924545288086
17897 1.6653344631195068
12229 -1.742493748664856
7622 6.103262901306152
23011 2.274996042251587
18671 -2.087824821472168
12994 7.6739726066589355
30938 3.6782073974609375
9018 2.7740204334259033
28000 3.3593595027923584
23030 6.079900741577148
15495 -2.7241921424865723
16185 0.5046510100364685
25836 -1.2980546951293945
1761 3.284076452255249
20735 -1.4756417274475098
12949 1.7132035493850708
17301 3.9423980712890625
31751 0.9798619151115417
22758 4.4790239334106445
22029 -1.331611156463623
12071 -2.0845837593078613
31122 2.7518787384033203
14888 -4.154062271118164
19694 -1.4348396062850952
11377 -3.3800718784332275
17200 -1.7817058563232422
30086 -0.41618895530700684
30871 1.4161877632141113
27170 -3.4148573875427246
22952 -0.9415183067321777
29934 -0.8996931314468384
21393 -1.3475489616394043
13661 -2.00128173828125
7984 2.2087836265563965
13329 -1.8788278102874756
7354 3.504631519317627
11807 2.2831997871398926
27134 -0.6175746321678162
26911 -3.352099895477295
16082 2.967496871948242
8475 1.4717925786972046
5600 -1.3272228240966797
15868 3.351933002471924
27968 0.7002626061439514
14046 5.298130989074707
4488 -4.630899906158447
8361 1.3292124271392822
5657 -0.9107863306999207
21660 0.20082075893878937
17865 1.2962572574615479
8024 -2.4216361045837402
5214 -0.9976950287818909
31454 0.09494104981422424
27268 -4.247248649597168
6691 1.2909150123596191
26751 1.5051926374435425
29682 -2.66563081741333
31585 2.99051570892334
18564 4.915311336517334
29230 -1.4781394004821777
16108 5.203526020050049
8550 -1.5927393436431885
3795 4.7655744552612305
17319 3.7326366901397705
4192 4.567243576049805
3171 2.653036117553711
22880 -0.6365668773651123
28599 -2.3178296089172363
28165 0.5850145816802979
12903 3.2390925884246826
31646 2.5389962196350098
2071 -1.2126963138580322
5484 0.8303509950637817
31158 1.3138012886047363
6105 -2.023458480834961
17553 2.1928863525390625
31463 3.613996982574463
3560 0.9799176454544067
27363 1.186724066734314
27353 2.3281078338623047
25229 0.567415714263916
17575 2.0009121894836426
30946 1.2449634075164795
30124 -1.263239860534668
6870 3.700166702270508
23722 -0.8957985639572144
30829 4.071898460388184
19651 4.080258846282959
29394 2.3228836059570312
14714 -1.7049686908721924
28541 3.006420612335205
12 -2.2621941566467285
29537 2.4886832237243652
8225 1.7712632417678833
7981 1.1619513034820557
18729 0.10533207654953003
2459 2.2187888622283936
2909 2.4649152755737305
28443 1.440045714378357
16394 -1.6970999240875244
777 3.9590439796447754
13979 0.34278303384780884
29284 1.5324139595031738
8791 -2.672654628753662
28708 2.4231138229370117
11837 1.5611752271652222
21871 3.6031603813171387
4366 0.8902521133422852
22713 -3.289324998855591
12443 1.8977742195129395
20843 -2.8436450958251953
17001 3.8036937713623047
23962 1.1969035863876343
9414 0.962607741355896
16618 3.917062282562256
14896 1.3892638683319092
1218 0.13774552941322327
22568 -0.9310342073440552
4444 2.139320135116577
14401 -1.5218664407730103
29670 6.173123359680176
2059 3.0195088386535645
17291 -0.841056764125824
22130 0.7047004103660583
22441 -1.6485328674316406
23900 -1.4470384120941162
10442 1.1644017696380615
17552 -1.1681201457977295
5442 2.7240166664123535
18807 -1.8491079807281494
25074 2.147704601287842
28226 2.3971259593963623
5937 1.4046852588653564
19675 -0.13559111952781677
1299 -2.1617960929870605
5866 1.9859036207199097
11143 -0.4998977780342102
3381 4.432118892669678
20158 1.8628113269805908
3667 2.3117804527282715
27027 0.1958431601524353
18141 4.007763385772705
18257 2.583977222442627
16798 1.8904435634613037
29595 -0.14421430230140686
131 -0.8984034061431885
9083 2.581543445587158
20364 3.824394464492798
14987 1.20364248752594
23745 -1.7432286739349365
29700 5.427406311035156
18074 1.5231146812438965
10750 -0.7730286717414856
21693 0.4298464059829712
1916 4.582164764404297
17335 -3.693047523498535
19388 5.087733268737793
14620 0.9067776799201965
7965 -1.3302909135818481
1018 1.326253890991211
21003 4.123045444488525
15196 3.5972084999084473
13650 -1.277402639389038
12294 0.7222347259521484
5566 -1.5272982120513916
8149 -0.5874030590057373
24273 -0.4181104004383087
19792 -0.21499769389629364
29944 2.470505714416504
13058 -0.3241027593612671
9433 2.172086238861084
21518 -0.9359793066978455
14661 5.469958305358887
29530 -2.1806273460388184
13273 2.6133499145507812
29453 3.2606334686279297
22564 0.7938193678855896
24044 3.2973437309265137
31090 3.691445827484131
2891 1.2191009521484375
7850 0.30780425667762756
14263 2.602538824081421
197 0.6117802858352661
17403 1.200417160987854
19036 -0.2868650555610657
3544 0.13913606107234955
1021 -1.8241198062896729
26550 1.0702600479125977
29743 0.6102792620658875
13371 1.6754636764526367
13348 2.6709518432617188
29053 -0.17878833413124084
24205 4.150136470794678
4943 1.7947437763214111
20126 4.396719932556152
19751 2.547710418701172
23124 4.4635210037231445
24889 0.5154116153717041
11043 0.18133941292762756
9917 0.5684390068054199
29411 3.044983386993408
12789 1.6010115146636963
29377 4.994607925415039
24024 -0.8770565986633301
4183 3.5899267196655273
28516 2.4839158058166504
606 1.0517321825027466
20315 2.256284236907959
14455 1.7003965377807617
12595 -1.0751731395721436
19629 0.07536289095878601
22718 1.8589555025100708
14108 2.456934690475464
26407 1.558995008468628
28499 1.9562244415283203
14515 4.8204450607299805
3247 4.527644157409668
8905 3.180227756500244
2189 -4.439313888549805
28782 -1.3572468757629395
19414 -0.6108006238937378
30485 -1.835625171661377
4982 4.498932838439941
3860 3.201190948486328
17257 -1.1349188089370728
14276 1.5193006992340088
21082 6.456389427185059
1961 4.661569595336914
28550 0.9574856758117676
28804 -3.01615571975708
28823 1.2505403757095337
754 0.9081116318702698
20482 -1.656000018119812
9471 0.04988325387239456
31256 2.5450239181518555
20471 3.0667638778686523
4974 3.3993163108825684
25984 -1.0691969394683838
17263 0.4305420219898224
10989 -1.24357008934021
18163 -3.6493124961853027
11460 -1.9303244352340698
28983 -3.9199061393737793
7824 4.802210330963135
10304 -0.8898924589157104
26549 4.918839931488037
29305 -2.3337788581848145
18805 -0.9478492736816406
10451 -0.20931963622570038
2046 -1.2491891384124756
5916 3.5238051414489746
3979 5.526843070983887
3694 0.8017699122428894
20291 2.6538774967193604
991 -3.24055814743042
25101 1.5871899127960205
26127 -3.7002367973327637
6681 0.24119949340820312
19371 -2.6693015098571777
26616 3.314075231552124
11091 1.3975392580032349
2518 2.152653217315674
7087 -1.8380825519561768
29703 2.469484329223633
31723 1.757274866104126
28412 0.9865274429321289
15153 1.7457619905471802
955 -2.002269744873047
29725 3.314389705657959
94 1.459991693496704
8105 2.908538818359375
1397 -0.9496632814407349
28765 -1.6262997388839722
5079 3.589223623275757
28518 2.3760552406311035
12287 -1.609471082687378
2405 -0.2258329689502716
4506 -0.939149796962738
17680 -2.524400472640991
73 -2.214585542678833
15396 -0.5361977219581604
12139 5.004700660705566
13621 0.1298275738954544
22577 -3.0080833435058594
24798 1.6943515539169312
24938 -4.362523078918457
7103 1.3449230194091797
12054 0.8461345434188843
30285 -0.7066491842269897
12431 3.7092623710632324
566 -0.6792474389076233
4345 0.287831574678421
28038 -2.9683449268341064
11533 -4.358301639556885
5684 -6.241293907165527
2007 -3.3361456394195557
25892 -0.39227190613746643
11851 -0.40592753887176514
14074 1.663816213607788
8913 4.154744625091553
24668 3.1909310817718506
24155 1.2482430934906006
19317 0.31044670939445496
10067 5.021201133728027
30095 1.833037257194519
19112 0.9543696641921997
12192 1.3834316730499268
23678 -2.8276562690734863
6797 4.701258659362793
9369 -2.7220191955566406
30828 -2.3078103065490723
4617 1.9335497617721558
23695 -1.9263919591903687
28358 1.7076170444488525
14478 -2.8656933307647705
14323 4.779082298278809
13113 -3.292233467102051
25152 0.2654739320278168
19446 6.297126770019531
10315 1.525212049484253
18190 0.25045546889305115
12830 -0.9897315502166748
28848 3.7180519104003906
27184 1.9167476892471313
4455 -1.3780038356781006
7775 1.5410137176513672
5255 -0.9375336766242981
11760 0.20867913961410522
9492 -1.1293842792510986
2848 1.8458974361419678
3858 -1.7403329610824585
17592 3.0148515701293945
29570 2.101691722869873
5115 -1.3482844829559326
31672 4.2865142822265625
21541 3.966038703918457
238 1.041279911994934
19352 4.835244655609131
18950 0.6861928701400757
31404 1.6841195821762085
30925 0.7033252716064453
21873 -2.2017946243286133
22938 -2.0876946449279785
28482 4.217098712921143
13263 -2.7989020347595215
28394 3.4585602283477783
990 -2.8157618045806885
22267 -3.6336655616760254
15044 -2.759610176086426
24968 3.807771682739258
22605 -2.1360397338867188
12752 -2.5022640228271484
16885 0.4258396625518799
23749 -1.4031802415847778
14555 2.9592185020446777
13546 -0.7358840703964233
27413 2.2841053009033203
14037 3.05330753326416
21798 1.1805144548416138
13907 -0.6202517747879028
9571 -0.49292057752609253
15792 2.2879714965820312
20764 0.949114978313446
30169 -3.788163423538208
7663 1.345175862312317
14749 3.9698057174682617
4967 -0.8250502347946167
28285 -1.4729104042053223
11009 0.6003066897392273
26478 -2.089858055114746
24612 -0.6023911833763123
15476 0.0011415854096412659
2996 3.010106086730957
19096 -3.5693564414978027
29867 1.562190055847168
26590 0.820179283618927
6060 -3.5624847412109375
17496 2.7465133666992188
24805 -1.093763828277588
26621 -1.4581272602081299
2534 1.4363042116165161
19620 0.6479191780090332
9620 -3.7498092651367188
22310 -2.5407986640930176
19482 0.39510560035705566
15766 -3.870734214782715
11420 1.9086158275604248
3267 2.889345169067383
13045 1.789062738418579
31334 -0.05398108437657356
31102 3.7617721557617188
20394 2.6336050033569336
21859 0.15948015451431274
12430 0.4762026369571686
18622 2.3296685218811035
14732 -2.7019152641296387
5853 0.5208526849746704
26510 -0.4360671937465668
16877 -0.22880825400352478
19779 4.651196479797363
21587 -0.7892768383026123
25781 3.799945831298828
14565 -2.41696834564209
29879 -3.4417812824249268
8097 -0.08574320375919342
27658 2.793484687805176
31547 4.6175360679626465
18148 1.976088285446167
31337 -2.4429171085357666
30949 1.6584527492523193
24455 4.380763530731201
9162 -3.2846431732177734
31496 -3.248807191848755
21900 1.158945918083191
27020 -0.07218112051486969
14637 2.0511226654052734
30633 3.318103313446045
22687 4.414094924926758
26567 1.3118879795074463
27865 -0.8563175201416016
20422 -2.942790985107422
15989 2.356020450592041
1639 -2.773494243621826
9855 1.3205533027648926
607 2.9760327339172363
4123 0.22535425424575806
8117 0.5377270579338074
16156 5.2617692947387695
14083 1.7907003164291382
25812 -1.5500149726867676
11720 2.1908092498779297
16768 0.4376879930496216
21386 4.182330131530762
14558 -0.4435473084449768
5973 2.3922171592712402
23585 -1.7932558059692383
5145 -1.215134859085083
21471 5.241827487945557
12327 -2.3372721672058105
16968 -1.1381089687347412
9933 -0.16736286878585815
27813 2.715254783630371
26916 1.9809879064559937
13472 -1.1234233379364014
12112 2.078561305999756
8403 3.6522459983825684
6179 -1.6982567310333252
21742 -3.1338448524475098
30005 -0.655398428440094
28815 2.3188014030456543
15773 0.746307373046875
21902 -5.055394649505615
20310 1.6849522590637207
15335 0.8353089690208435
25591 -2.7291157245635986
11828 4.555713653564453
15124 1.2947607040405273
574 -1.3052191734313965
20129 -1.5980757474899292
30582 0.3234904408454895
21968 -0.24401292204856873
9252 0.5622969269752502
1658 1.6189336776733398
27477 -2.776467800140381
15695 3.9292478561401367
8093 -0.9309227466583252
11692 3.4542410373687744
27676 2.031445264816284
18347 1.753036618232727
9731 5.847158432006836
4596 -0.2698628604412079
10829 2.646790027618408
3849 3.4285147190093994
7171 -2.6920886039733887
16521 -0.1741074025630951
24505 5.402153968811035
15541 1.313733458518982
20690 2.619894027709961
9140 2.433283805847168
8309 4.5994720458984375
584 3.9988746643066406
15783 3.8456578254699707
24227 3.1684045791625977
27858 -2.4098453521728516
27599 -2.7720606327056885
6357 -4.269989967346191
22698 -0.5839396715164185
485 0.12598887085914612
19450 -4.669841766357422
20243 -0.7371957302093506
4415 2.325000286102295
8479 0.493808776140213
20980 -4.182253837585449
27885 -3.7236292362213135
22813 -3.2861108779907227
23010 1.0388485193252563
5972 2.2085142135620117
28411 0.7674127221107483
20244 0.38027769327163696
27116 2.0814034938812256
18752 4.8103556632995605
2804 0.14112313091754913
6713 4.231054782867432
2387 1.1485387086868286
31628 0.3670423924922943
15644 3.35038423538208
14082 -1.0808862447738647
14554 5.626291275024414
7441 3.021426200866699
1762 2.5054776668548584
16242 3.716984748840332
3327 -0.06505943834781647
7749 1.9059585332870483
15119 -2.2780237197875977
22677 4.285513877868652
23857 1.1959080696105957
18216 -1.7619969844818115
22239 2.7158749103546143
30714 5.356281280517578
27949 2.3378639221191406
22720 -0.02910398691892624
31188 2.3121819496154785
30567 6.901432991027832
15271 -3.20396089553833
14013 1.7941722869873047
30845 0.5105686187744141
9071 -3.533386707305908
10326 0.31052789092063904
8987 2.5804829597473145
868 -1.8476307392120361
13305 1.4667632579803467
3374 -2.2927181720733643
11582 -1.4884696006774902
22435 0.6413589119911194
6346 2.1294546127319336
21765 0.424511194229126
18783 1.5311622619628906
20678 5.141902923583984
3880 1.3410513401031494
25562 -0.9700099229812622
21596 0.6544706225395203
17898 0.5295464992523193
22044 2.7312967777252197
12894 0.6300175786018372
4703 -1.1664849519729614
3637 1.3010265827178955
31407 -2.9013254642486572
11300 2.001338243484497
4038 -0.7647810578346252
15176 -1.0694016218185425
18961 3.5169639587402344
31684 4.718708515167236
5865 2.16019868850708
23630 4.9703168869018555
9989 -3.191490888595581
2503 -3.9232044219970703
1292 0.9767892360687256
20095 1.1384820938110352
28937 -2.0289511680603027
3389 -0.7440674304962158
6094 1.3090204000473022
15762 -0.13669292628765106
18484 -0.7366467714309692
9699 -0.9338613152503967
13359 3.0404000282287598
21158 2.8462038040161133
2547 -2.6491947174072266
23341 1.522435188293457
5399 -3.442140579223633
27883 2.9580743312835693
10059 -0.1101856529712677
30048 -2.2491021156311035
4210 -3.5998990535736084
29898 -2.887150764465332
23688 4.871089458465576
19026 1.970545768737793
26867 0.6060223579406738
2801 -2.3348851203918457
17665 2.4193739891052246
15497 2.0404016971588135
30331 -1.3199329376220703
170 -3.4265012741088867
6492 2.478199005126953
30257 0.5062709450721741
1297 -1.8871883153915405
8276 5.76725959777832
17744 3.9613196849823
30390 0.044227346777915955
31025 3.251488208770752
17927 0.37750861048698425
20960 1.191564679145813
21951 -2.536684989929199
9486 0.6113094687461853
14929 0.12230969965457916
4849 0.09206090867519379
27609 0.7254933714866638
27307 0.8112832903862
18817 1.4366521835327148
16718 2.423032283782959
614 0.23759466409683228
6125 4.947832107543945
27578 1.8499984741210938
23548 -2.215027332305908
27967 3.6880173683166504
15712 -1.4521124362945557
21152 5.58835506439209
24737 0.2677565813064575
6637 5.249807834625244
992 4.59583044052124
5438 2.0701441764831543
14983 -0.8630077838897705
11660 -0.8017438054084778
20562 -0.12191618978977203
18952 0.8346270322799683
7630 2.3753819465637207
7479 1.1643706560134888
6841 4.399076461791992
24833 1.4730699062347412
16951 0.48637568950653076
12541 -1.50983726978302
30248 3.897155523300171
26519 3.3976993560791016
12632 1.1223173141479492
7303 4.045650482177734
18448 0.5110491514205933
15097 -0.7178718447685242
1424 2.5575098991394043
2655 0.01495322585105896
4427 -0.2760807275772095
15833 1.5119438171386719
30289 1.7552062273025513
29019 1.5858426094055176
27286 2.0784265995025635
18766 2.4833483695983887
21531 2.970505714416504
11078 2.962477207183838
3221 2.3067846298217773
27108 -3.5506699085235596
24419 3.7516980171203613
18159 -2.0008976459503174
1351 -3.0555310249328613
28102 2.791714668273926
30044 -2.7949674129486084
21178 0.5176681280136108
23281 -2.3492207527160645
18868 0.9259198307991028
28348 3.552837371826172
5603 -1.1889009475708008
65 -1.379578709602356
4730 -2.191877841949463
3871 -3.127072811126709
20362 -1.1322435140609741
2831 3.632363796234131
24615 3.5373668670654297
17646 -1.5792738199234009
16339 -1.0657895803451538
24572 -0.22932949662208557
30363 4.026763439178467
14975 -1.191081166267395
13449 0.02185777574777603
20059 -3.3310248851776123
9115 2.792893886566162
28427 -2.3941426277160645
31565 4.237063407897949
11165 0.6099334955215454
7366 1.2630856037139893
17764 4.6927103996276855
31147 0.882128894329071
7609 -1.346732497215271
21461 -2.5997915267944336
1473 -2.553175449371338
9461 -0.14926153421401978
18713 2.1583433151245117
12836 -3.536115884780884
15410 0.8894870281219482
26694 -2.255667209625244
2875 -0.32535284757614136
17629 2.454397678375244
8894 -1.3971431255340576
2954 0.956184983253479
31659 -1.4796124696731567
15084 -2.592789888381958
20717 0.9129223823547363
15141 2.711193084716797
22163 4.369111061096191
9093 1.906365990638733
26029 -0.899347186088562
842 -0.9525277614593506
2453 -2.163607597351074
28710 -2.051835775375366
25231 2.1228671073913574
25544 4.726301193237305
15028 1.4723966121673584
7484 3.7627336978912354
12233 1.9848906993865967
31686 0.9879640340805054
16579 -3.015782594680786
28288 2.782921075820923
30757 1.991358995437622
16178 3.8633546829223633
27083 -1.4344093799591064
24544 -1.4172139167785645
31567 2.4966225624084473
2514 2.073978900909424
28139 -1.6517517566680908
8747 -0.6023381352424622
15404 1.6348949670791626
29367 -2.070281982421875
28161 0.5053009986877441
24733 4.552406311035156
28076 -2.536454200744629
17757 -0.56966233253479
6270 -1.0906630754470825
19080 3.984567642211914
25251 0.46295449137687683
16760 1.2021303176879883
10372 0.05184706300497055
19270 -0.43808573484420776
10187 -0.3631208539009094
6097 -2.5619001388549805
17107 0.030624493956565857
6446 -2.1409451961517334
1623 1.4553954601287842
10649 4.728617191314697
8584 1.460641860961914
19886 2.3512039184570312
11077 1.8979895114898682
6541 1.7334483861923218
9875 3.908586263656616
16693 6.843136787414551
29142 1.1204837560653687
29665 1.1222286224365234
6146 2.0781993865966797
27850 1.7418842315673828
28373 0.08356178551912308
25069 1.1766301393508911
865 -3.1649999618530273
26907 1.112347960472107
22028 0.8446568846702576
27572 2.9070096015930176
23051 -0.07948474586009979
25762 1.3263804912567139
10560 -0.5490963459014893
29803 2.799739122390747
12680 3.1843338012695312
11664 1.2756435871124268
18430 1.4726617336273193
17960 3.3235669136047363
24644 3.6808791160583496
20065 0.8515932559967041
28173 -0.6403615474700928
17439 -2.7684974670410156
1871 6.219142913818359
22156 -2.472407579421997
10529 4.880634307861328
1422 4.998797416687012
441 -2.867255449295044
17109 -0.8593246340751648
27395 5.3526611328125
19830 6.401062965393066
17083 3.279179334640503
17455 2.6042215824127197
19003 -1.0807183980941772
23599 -2.448477268218994
30007 -1.6102757453918457
13951 -2.603079319000244
21012 -0.9906834363937378
30227 5.449609756469727
16290 5.269922256469727
5641 -1.9716205596923828
9835 1.0182126760482788
22945 2.5024964809417725
28925 1.7267608642578125
3699 4.004471302032471
2879 3.1692872047424316
9121 -1.3867385387420654
13390 3.6756973266601562
14985 0.21641722321510315
28010 3.612388849258423
14725 3.105062961578369
19260 7.525031089782715
12809 3.312643527984619
16053 -2.7732412815093994
21790 3.9537715911865234
24435 1.2539697885513306
12074 0.396938681602478
29110 -1.7645726203918457
26044 -0.7720835208892822
5686 2.9858014583587646
17300 1.1827342510223389
20809 1.0021288394927979
11256 -0.16153289377689362
26696 0.4368976354598999
16131 5.213332653045654
4855 -1.0894969701766968
4532 -0.23763766884803772
16543 3.178253173828125
19213 4.896457672119141
5087 5.477952003479004
14550 0.9505906105041504
8989 -3.2084224224090576
1839 -2.040607213973999
31150 2.464418888092041
24993 -3.3000106811523438
6490 1.3660109043121338
10031 3.236959934234619
19447 -3.6726765632629395
8080 -0.08824905008077621
9511 3.29500150680542
21563 0.9170998334884644
27520 -2.55035400390625
24724 3.0863609313964844
13828 2.519467830657959
6990 6.948506832122803
14021 -1.9832216501235962
25881 0.35761356353759766
22450 -3.045086145401001
25810 -1.117240309715271
213 0.8248969912528992
12728 1.2918094396591187
4071 1.8154085874557495
20986 2.97074294090271
9304 -1.1146124601364136
14429 6.252354145050049
23286 1.8189284801483154
15898 -2.981722354888916
25481 -1.8365727663040161
23283 -1.006058692932129
13860 3.6891837120056152
5192 3.322146415710449
21435 3.66398024559021
522 3.8710803985595703
25902 1.7211101055145264
29066 -2.6699740886688232
29932 -2.849106788635254
23495 -2.604294776916504
24504 -1.0708173513412476
30479 -2.907388925552368
4538 -1.8304333686828613
14873 -1.195969820022583
464 -3.047560214996338
22097 4.524946212768555
24134 5.170407295227051
5121 -1.4824849367141724
7735 -3.6152448654174805
1372 3.3495211601257324
25245 5.414706230163574
8031 5.350638389587402
14428 -2.7900800704956055
14422 -2.8071184158325195
15863 2.556297779083252
15550 2.421816349029541
30973 -2.9207403659820557
9721 0.09226405620574951
10932 -0.46558284759521484
27160 1.683412790298462
15526 1.5983877182006836
30843 -2.3725640773773193
5265 7.374157428741455
11637 0.9836806654930115
23645 -1.8722416162490845
11400 4.868165969848633
20401 -3.327116012573242
18734 1.2954808473587036
2488 1.9813029766082764
6127 3.100267171859741
25811 -0.8275700807571411
26486 2.6588830947875977
31746 -0.46718263626098633
19795 1.5815958976745605
9904 0.2967706620693207
19584 4.204812526702881
23131 -3.0194473266601562
22514 3.160491943359375
2898 2.4005565643310547
24318 4.502065658569336
9253 1.793370008468628
18749 3.3370134830474854
14001 2.3876566886901855
24638 -2.413667678833008
8579 3.706148386001587
12356 0.6193460822105408
18895 3.608222723007202
14783 0.7830502986907959
21885 -3.1505942344665527
16324 3.4881415367126465
12960 -2.879424571990967
21357 -3.200037956237793
18571 1.420336127281189
31095 3.124624490737915
20638 3.0838985443115234
22867 -3.057781219482422
8281 -2.386317491531372
15717 -0.3777635097503662
31328 0.12035583704710007
8137 -1.5574672222137451
30326 1.7021477222442627
25194 4.014918327331543
5929 2.882758855819702
23819 2.396313428878784
17470 1.8840909004211426
20256 0.8320829272270203
31272 -2.1848134994506836
8258 -1.9599542617797852
25554 -2.9800896644592285
8816 -0.15530960261821747
16580 -1.1762521266937256
6122 -4.445651054382324
16569 2.4538049697875977
16128 4.423691749572754
21617 -2.560647487640381
30154 -0.7319183349609375
24870 -2.427208423614502
19735 3.338685989379883
5575 4.0507659912109375
8101 -1.0147716999053955
3345 -2.971920967102051
8244 -0.9431476593017578
16366 -0.16928640007972717
4639 3.918058395385742
6608 3.2343099117279053
24450 -1.2967989444732666
28365 -0.4615107476711273
20879 -2.317328453063965
30910 -2.6117005348205566
544 -3.1131324768066406
24913 -3.8789010047912598
8422 3.4697248935699463
10439 1.7394318580627441
21892 -1.4634757041931152
4995 1.8909295797348022
4185 -1.0070264339447021
12973 3.418031692504883
18549 0.6721312403678894
19793 1.3170528411865234
11161 0.6573761105537415
19197 -1.9526259899139404
20580 -0.9192526340484619
24452 -2.210279703140259
27121 -2.6050753593444824
26721 3.786879539489746
14415 -0.6630569100379944
15744 3.427351474761963
1366 2.0212574005126953
28180 3.3323144912719727
30809 -2.839339017868042
14031 0.7682057619094849
5837 0.936046838760376
6591 7.690854072570801
12722 -2.096344470977783
22304 3.576846122741699
29351 -1.8171820640563965
28073 1.4869415760040283
7797 0.18160609900951385
27946 3.4332103729248047
15289 1.6359450817108154
22960 3.0609331130981445
5917 -2.781198263168335
4069 -4.0563812255859375
19147 -2.499363899230957
18220 -2.310718059539795
11843 1.454030990600586
5147 0.22847557067871094
8494 -1.0643854141235352
24328 0.7439491748809814
3861 1.2542760372161865
25724 -1.1032878160476685
30680 3.316279172897339
1754 5.0177764892578125
12457 2.6500790119171143
12022 -0.1228480339050293
20030 0.8142050504684448
28144 0.5160148739814758
24518 0.5305755138397217
14747 0.5503849983215332
15259 5.114336013793945
6459 2.1169469356536865
13160 3.0503034591674805
6551 -0.34539932012557983
19125 0.5609433650970459
15123 3.152710199356079
3732 -1.4670261144638062
24192 -3.6214632987976074
29076 1.1494712829589844
19621 1.8617740869522095
9669 5.121434211730957
9872 2.895559549331665
9329 -0.5378397703170776
4115 -1.4438211917877197
413 1.377357006072998
31685 -0.3246302902698517
7385 3.3503711223602295
26470 1.2353134155273438
5550 2.9519002437591553
7986 3.3060150146484375
27438 0.029284313321113586
12647 -1.4701727628707886
18701 1.494080662727356
4005 3.168332099914551
13731 2.4969165325164795
20946 0.7240158319473267
23934 2.6904218196868896
22586 2.0761544704437256
21724 2.3293492794036865
13340 -1.9724547863006592
15207 1.8543028831481934
18568 -0.33996111154556274
15535 4.3294572830200195
5986 0.12211080640554428
25885 1.3302009105682373
5076 2.597079277038574
21433 6.29824161529541
19885 -2.495227813720703
16587 -0.27051684260368347
7825 0.8674213886260986
13186 -1.1911206245422363
3857 -2.2809042930603027
21635 6.396576404571533
12697 2.0296213626861572
13617 0.7320839166641235
5961 0.7437303066253662
18294 2.0340356826782227
25327 3.5394375324249268
12120 -1.0353682041168213
3500 2.4281070232391357
6730 -4.2591657638549805
16501 -1.1359995603561401
6396 -0.9685875177383423
15130 -0.5814486742019653
20855 -2.7916364669799805
6780 -2.481410503387451
20545 -1.005007266998291
12516 1.2476871013641357
30801 -1.497887134552002
31773 -2.358214855194092
11141 1.2365931272506714
1967 4.993857383728027
19402 1.1808264255523682
14412 0.7276318669319153
1472 2.8169991970062256
5584 -2.2386178970336914
6572 -0.7128688097000122
8215 1.459869384765625
24342 1.5608131885528564
30179 2.4909329414367676
29836 1.5067113637924194
17435 0.13613039255142212
19594 -1.2622995376586914
12217 5.8470778465271
23550 -1.6615025997161865
10601 3.4680075645446777
26714 4.969252586364746
15262 -0.9891399145126343
26353 0.4986034035682678
10216 -1.952099323272705
14551 -3.7570836544036865
28824 1.2287962436676025
10265 -0.03507494181394577
16788 -2.903149366378784
21074 -1.1627426147460938
7914 -1.6826202869415283
3747 0.6549316048622131
29425 0.6931884288787842
4898 2.847517967224121
12577 3.3053932189941406
28325 4.292337894439697
12101 3.545790910720825
27556 0.3751966059207916
3349 -0.7959754467010498
4768 -1.756622076034546
22256 -2.7304277420043945
3670 1.7143486738204956
8733 -2.3164219856262207
8887 3.9449551105499268
4510 2.100222587585449
19432 -3.656881332397461
27487 2.2427635192871094
8970 -1.3584210872650146
6684 6.338687896728516
20961 -0.6769015789031982
11888 -1.7703533172607422
3705 -1.4827057123184204
22710 1.2301360368728638
24052 4.941892623901367
6857 -0.3647543787956238
26441 1.6993422508239746
15201 -0.10052701085805893
18670 5.320033073425293
20590 -0.4674721956253052
9696 2.3102407455444336
12012 2.5109782218933105
21344 -0.8240770101547241
29827 -2.1724648475646973
12652 -1.1096352338790894
2613 -2.877450942993164
28632 -1.5420629978179932
4313 2.422325849533081
6763 4.416567802429199
15855 5.696941375732422
27040 2.723029613494873
22363 -0.7568842172622681
25301 -3.5956788063049316
23877 -2.3557705879211426
10483 1.511380910873413
5884 -1.3056052923202515
5687 -1.2187261581420898
22292 5.20289421081543
7333 2.413395881652832
2133 -3.643071174621582
12453 0.3704867959022522
24905 -0.44909539818763733
10236 2.3315916061401367
6375 -0.5104254484176636
12713 4.45259952545166
24934 4.142352104187012
13786 3.6713342666625977
1772 2.713521718978882
31262 -1.968691110610962
17720 5.353039264678955
12391 -0.19077475368976593
26720 3.80428409576416
17184 3.535928249359131
19110 -0.4142298400402069
17803 3.1182594299316406
10919 3.739137887954712
24337 -0.6235072612762451
8028 1.2479482889175415
19990 1.478710651397705
11835 -0.8992109298706055
8210 -0.0756065770983696
28916 -1.672903299331665
19587 -3.0662569999694824
17409 -1.5411018133163452
788 1.2335764169692993
25338 -0.5982455015182495
30667 3.0364480018615723
1096 2.0256974697113037
14425 -1.1749420166015625
14853 1.5808734893798828
24138 0.17656950652599335
25373 0.31107428669929504
21990 -0.9939045310020447
1179 1.2853586673736572
2915 -2.325223445892334
13743 1.3085360527038574
2532 -1.9824892282485962
14309 3.3747758865356445
1547 2.033813714981079
2273 2.715073585510254
2497 4.895829200744629
13328 0.44571271538734436
21970 0.42880645394325256
2987 0.9898173213005066
8755 -0.7161818146705627
13879 2.344977855682373
27198 2.700528144836426
17055 2.697239875793457
13984 -0.5197941660881042
12077 -1.764207363128662
30038 -1.6909584999084473
25563 0.594795823097229
12890 -0.4206399917602539
6538 -2.22896671295166
20622 2.5308704376220703
26226 -0.7289922833442688
13670 2.543623208999634
15185 2.0434064865112305
21553 -4.306273937225342
8923 2.104616641998291
3434 -1.417035698890686
29883 1.1574958562850952
11970 1.9028481245040894
8016 1.8799104690551758
16770 0.7413328886032104
23433 -4.770642280578613
21480 2.1001553535461426
24131 3.7432360649108887
12720 -2.685861587524414
21960 -0.4528611898422241
14420 -4.278456211090088
961 4.858212947845459
13846 2.2920496463775635
5327 0.042119257152080536
7624 -3.4457263946533203
21240 -1.8780888319015503
19381 5.302264213562012
15161 5.175301551818848
543 3.340771436691284
11264 -1.2361723184585571
18463 3.3642144203186035
14343 2.0183212757110596
4004 1.1872029304504395
25085 0.5444294810295105
1636 -0.019231781363487244
3817 -0.2541397511959076
17256 0.32837727665901184
17477 -4.40629768371582
8954 1.5628902912139893
12008 -3.021005630493164
22314 2.2044849395751953
14168 7.26473331451416
15464 -1.3431565761566162
15933 2.1149580478668213
10895 -1.9965741634368896
2129 0.8641468286514282
19578 -2.0657339096069336
3077 3.467562675476074
22759 1.7812175750732422
9046 0.5892025828361511
8606 -1.5354115962982178
20709 0.8578693866729736
1568 3.474968910217285
26816 -2.3329529762268066
30138 5.444819450378418
22008 2.409984588623047
27581 1.2385320663452148
20585 -1.3138383626937866
23266 5.196817398071289
3823 2.818657875061035
1616 1.102196216583252
29328 2.6508007049560547
22910 0.8319249153137207
12574 -0.9251143336296082
1988 1.9553864002227783
29389 3.9535200595855713
8446 -1.9166861772537231
14377 0.5381036400794983
13107 -2.130953073501587
8588 -2.7371840476989746
12401 2.478616237640381
16457 -1.2560431957244873
4420 2.483146905899048
20905 0.8211514353752136
6334 1.320357322692871
14088 2.8624939918518066
31443 -1.531450867652893
29310 4.656042098999023
30395 2.4392502307891846
4891 2.6987428665161133
2790 4.961226463317871
4927 1.8255504369735718
19083 -1.3780912160873413
30214 -0.7212844491004944
25644 -1.1258461475372314
5982 0.41598162055015564
1725 3.6829380989074707
3889 -1.541556477546692
31490 0.7428412437438965
26025 -1.1287593841552734
27793 -2.014920949935913
30070 4.147388935089111
22405 1.6218760013580322
16494 2.225651264190674
21987 2.4877431392669678
3528 7.6866302490234375
26774 -1.9782594442367554
21749 -0.492453008890152
20494 -0.5110495090484619
4573 -1.6624224185943604
19512 3.326150417327881
18810 -3.1587882041931152
306 2.90529203414917
14054 3.2597901821136475
791 0.9890203475952148
13630 -2.1940953731536865
22941 2.3801302909851074
15168 3.9407806396484375
13613 2.2395334243774414
13922 -0.00317402184009552
15021 -3.343312978744507
13393 1.5868581533432007
11292 2.6444737911224365
26364 -2.475224256515503
25341 2.7499332427978516
1460 5.555324554443359
12587 2.5472121238708496
8835 -2.7942585945129395
16722 3.5130369663238525
9052 0.3006010949611664
629 2.384589195251465
17827 5.712605953216553
21887 3.3683853149414062
23673 1.6287462711334229
18934 -0.8333086371421814
12519 -0.9963654279708862
9778 2.864961624145508
17730 -1.367704153060913
14795 -2.30610990524292
20950 2.5626320838928223
26589 2.8530397415161133
28172 1.3864710330963135
29010 1.962722659111023
6599 1.4549205303192139
18472 0.2998383939266205
14923 0.9221500158309937
11593 4.037500858306885
24111 2.3306946754455566
26027 2.2172389030456543
18985 0.8423086404800415
10838 -0.1385038197040558
19360 4.427921772003174
4044 3.3828184604644775
25108 1.521566390991211
16420 -0.9633026123046875
23295 -2.1380536556243896
29975 3.0640006065368652
21005 3.5455851554870605
21520 2.636636257171631
28178 5.082685470581055
11255 2.792146921157837
562 -0.022504091262817383
17926 2.9150493144989014
31710 3.8035128116607666
26536 -0.04583714157342911
29431 -0.9263414144515991
4326 0.6827123165130615
29567 -0.9153085947036743
6514 0.44425633549690247
21263 -0.6806204319000244
10255 2.524278163909912
10617 -0.3784254193305969
26896 1.3883622884750366
11385 4.785181999206543
21277 5.678235054016113
11151 1.7871596813201904
8239 2.148451328277588
27122 5.354406833648682
26734 5.819559574127197
435 3.148883819580078
6093 2.7416112422943115
19798 2.3599395751953125
26468 1.086936593055725
29760 -2.7803335189819336
20631 -5.405332565307617
3361 2.6715798377990723
10998 0.40429216623306274
24792 -4.462607383728027
27495 -2.656381607055664
30460 1.687025547027588
5089 0.947490394115448
10256 0.5315244197845459
9751 -2.0427064895629883
13549 0.2429993599653244
28171 2.8145604133605957
2558 -2.287853956222534
13288 0.141209676861763
21039 2.7638511657714844
27670 0.9211145639419556
7980 4.2584099769592285
18193 5.995721817016602
18946 -4.143189907073975
4761 2.608541488647461
28468 0.8389180898666382
9629 1.4009175300598145
978 -2.7697105407714844
21096 1.8157577514648438
19655 5.649899005889893
30301 -0.9820218086242676
16572 -2.3262267112731934
3079 -2.740109443664551
6156 1.2326397895812988
948 1.5603829622268677
5205 -2.7525343894958496
9031 -0.8597878813743591
20572 3.329770803451538
28940 -1.3954050540924072
5074 3.8558788299560547
28690 -2.1200051307678223
20832 1.5020461082458496
9619 -2.325251340866089
30035 0.4675663113594055
14949 1.5039772987365723
18601 5.261682987213135
9042 0.6728503704071045
982 -2.082115650177002
18374 3.291560649871826
18577 4.109006404876709
7626 -2.462216377258301
28052 -3.502103805541992
4516 2.7091856002807617
10123 4.402815818786621
10281 5.647843360900879
22121 4.4552202224731445
14630 -0.6055132746696472
9172 -1.940412998199463
29831 2.9159626960754395
4314 5.597713470458984
4036 -4.070849895477295
27913 -0.637580156326294
25653 -0.17587602138519287
30703 -2.979823112487793
30543 -1.1537818908691406
26948 -2.882113218307495
31706 1.1837509870529175
8670 3.0154476165771484
5486 -3.6202805042266846
25021 -3.387721538543701
22578 1.7621091604232788
13259 -3.429334878921509
10452 1.6259647607803345
2635 3.1429286003112793
10023 3.6388797760009766
21454 0.8594217300415039
30790 1.6513621807098389
13274 1.7262669801712036
26028 -4.526247501373291
6152 2.7163968086242676
30940 -0.3413486182689667
16957 -2.3287079334259033
21135 1.006648302078247
10428 4.091402053833008
26552 1.593284249305725
21255 3.5031895637512207
1104 1.7590854167938232
6045 -2.27313232421875
22650 -0.03986254334449768
24873 6.051365852355957
26967 0.2842194139957428
9701 2.1569390296936035
4579 4.4339141845703125
18981 -1.7893389463424683
12321 3.636418342590332
23395 -2.3414716720581055
1161 -1.9123508930206299
25923 -1.162566900253296
15229 2.938241958618164
3119 3.5080039501190186
29249 1.4180530309677124
25927 0.6210521459579468
21460 -1.6417877674102783
22612 2.8805365562438965
6297 -3.020648241043091
22690 3.331207752227783
1251 -2.7866945266723633
13492 -0.5644981265068054
1610 -2.5431275367736816
31643 -1.700376033782959
5620 3.5876219272613525
26200 2.5253376960754395
2626 2.2969088554382324
4883 3.473705291748047
29981 -1.8245224952697754
11010 0.9935088157653809
4880 0.8689980506896973
5770 -0.9124588370323181
31354 2.581592082977295
26243 1.120051383972168
19633 -2.4752840995788574
25635 0.6898791790008545
12310 1.9601855278015137
1373 -2.3750898838043213
9126 1.5249271392822266
23769 -2.1696033477783203
1673 2.2811217308044434
7266 2.0776455402374268
15281 -0.805556058883667
23792 5.301115036010742
22889 -0.9675108790397644
15211 2.746744155883789
12964 0.9855989217758179
31034 2.5322182178497314
18512 2.982750177383423
9782 1.142448902130127
2819 -1.522411823272705
14319 2.3862619400024414
802 -3.8478903770446777
18808 1.9633455276489258
5054 -1.3834943771362305
21856 2.872098445892334
13260 4.5923027992248535
18532 3.9197280406951904
29796 -0.8125873804092407
4416 3.899374485015869
26523 -1.7551034688949585
31278 4.773641109466553
28837 -0.977371335029602
22361 7.339016914367676
21637 0.5204504728317261
13239 1.4078361988067627
10722 -2.7089757919311523
331 1.8002631664276123
30466 2.3816752433776855
3962 4.3242902755737305
13655 0.9917855262756348
15676 -1.9173163175582886
30322 -3.7828307151794434
1498 2.559412956237793
24475 4.46082067489624
23184 1.829341173171997
23573 2.614473819732666
15302 -1.3028488159179688
14971 0.8090224266052246
28136 4.378049850463867
31511 0.7395079731941223
27845 1.5914050340652466
6026 2.918205976486206
24683 -2.703805446624756
13930 3.3729066848754883
11234 4.748695373535156
24308 0.862051248550415
1226 0.20161521434783936
10001 3.1409926414489746
27976 1.3751155138015747
21027 2.5120654106140137
9604 -3.525942325592041
2961 -3.1819586753845215
21389 -3.4236249923706055
22281 -2.08202862739563
30853 2.0780563354492188
25870 0.634051501750946
25246 -4.683394908905029
12044 -1.0561472177505493
13210 1.5641870498657227
24985 -0.4255709946155548
10420 -1.0161817073822021
12914 1.5159244537353516
6660 -2.025918960571289
17390 -1.6413947343826294
13889 -3.132822036743164
4717 2.0124828815460205
14041 6.603117942810059
6454 -0.6245200634002686
11943 -0.45152416825294495
529 1.4357578754425049
28214 3.596540927886963
22420 1.3357442617416382
10002 2.0692427158355713
16466 0.7052173614501953
20332 1.597332239151001
5182 5.444433212280273
14553 4.106090068817139
22883 1.499783992767334
12314 -2.2297816276550293
28529 4.172503471374512
3996 0.7731398344039917
6935 2.8430652618408203
11156 3.8062427043914795
27279 4.023150444030762
24095 1.9539237022399902
13412 2.331228494644165
24586 -0.1720513105392456
18016 2.659634590148926
6645 3.414048194885254
29565 -2.7641711235046387
17363 3.1634228229522705
4597 4.052207946777344
31738 3.082306385040283
20552 2.51361083984375
19009 -3.757260322570801
12687 3.8338980674743652
28852 3.7747573852539062
7297 1.7820783853530884
28342 1.3322993516921997
27736 4.458301544189453
9824 3.002650737762451
21952 0.13100232183933258
29550 3.4751315116882324
1237 -1.696169137954712
25422 1.3269171714782715
11367 2.31105637550354
16120 4.134427547454834
3832 2.5677456855773926
27481 2.139402389526367
6007 1.3138809204101562
17262 -0.6161173582077026
373 1.406891942024231
12677 -3.0135116577148438
1010 2.344343900680542
4968 0.8448085784912109
19607 -4.664351463317871
2816 -2.3410286903381348
7785 4.912835597991943
292 -1.0189653635025024
10397 -0.27706167101860046
7030 2.4692554473876953
20904 0.6013018488883972
17581 1.3742358684539795
14450 2.555574417114258
13734 0.945716381072998
3061 0.9359376430511475
5246 4.757473945617676
12806 1.8985997438430786
23664 2.0715181827545166
28074 -2.9619288444519043
1515 -1.8361115455627441
526 -2.8669872283935547
5092 1.9668076038360596
29156 6.034122467041016
15545 -2.7296695709228516
31610 -1.3102221488952637
19528 -4.360401153564453
13012 -0.5600698590278625
350 0.5897075533866882
9816 1.586000919342041
13720 -0.8778228759765625
25625 0.19903025031089783
11348 2.2327699661254883
10688 4.437952518463135
9402 0.9913724064826965
20840 1.1197140216827393
28495 2.703148365020752
12471 3.360785484313965
21286 3.572305679321289
8649 -1.661825180053711
2258 -1.9840843677520752
30153 -1.217968225479126
16918 2.8529186248779297
10808 1.727994441986084
27753 -1.288595199584961
7184 2.4225921630859375
25900 3.3040926456451416
30852 1.176429033279419
8007 -3.901031970977783
7003 -1.2868990898132324
24222 -0.05773097276687622
6251 -2.2977066040039062
12152 -1.0010689496994019
13332 0.25421297550201416
23507 -3.979236602783203
29051 2.0834617614746094
10795 -2.5805554389953613
13445 2.931403160095215
18350 1.886216640472412
11960 2.3195443153381348
24528 3.337643623352051
11774 -1.0882956981658936
29393 2.279327154159546
1868 1.9576072692871094
7032 -3.0534515380859375
14169 1.1421799659729004
14069 3.994938850402832
647 -3.160139322280884
5058 0.0762723907828331
3049 4.212069988250732
770 -2.017570734024048
24460 2.873476982116699
5191 -4.252918243408203
24637 2.54650616645813
2640 -2.490133285522461
11632 5.007328033447266
18881 2.9979305267333984
3838 4.061395168304443
3211 -2.622180461883545
24916 0.622362494468689
7179 -3.7169885635375977
5760 0.3446611762046814
17716 0.8655577898025513
19253 4.958683490753174
7195 2.6475114822387695
10174 -3.0852465629577637
23229 1.9662866592407227
28644 0.3238944113254547
28193 3.3734679222106934
6365 5.000790596008301
5354 0.5466042757034302
2253 4.118374347686768
21234 1.156451940536499
12735 -1.0376702547073364
9053 -2.4345202445983887
3841 1.799839735031128
5215 3.352463722229004
7738 -4.604662895202637
26749 2.478994369506836
12528 2.193258285522461
19516 -2.3885374069213867
19131 7.198460578918457
18654 0.8638430833816528
19943 4.442075252532959
27461 -1.1943974494934082
29862 5.970372200012207
6689 3.3751699924468994
2590 2.7408032417297363
8574 -0.4479473829269409
30966 5.497076034545898
19452 -2.87143874168396
31395 3.56581974029541
24751 -0.884619414806366
28391 2.9573254585266113
18712 3.8697643280029297
26968 2.7668280601501465
16135 3.676966905593872
27106 -1.859419345855713
25726 -3.4448349475860596
6783 6.376559734344482
4273 0.9163553714752197
18352 0.7043746709823608
22821 1.3080830574035645
26290 1.0190387964248657
23719 2.6534085273742676
